+0.000000e+00 +1.049533e-01 +3.148599e-01 +1.049533e-01 -1.049533e-01 +0.000000e+00 +1.049533e-01 +1.511816e-35 -3.148599e-01 -1.049533e-01 +0.000000e+00 -1.049533e-01 -1.049533e-01 -1.511816e-35 +1.049533e-01 +0.000000e+00 
+0.000000e+00 -5.247664e-02 -1.574299e-01 -5.247664e-02 +5.247664e-02 +0.000000e+00 -5.247664e-02 -8.739117e-18 +1.574299e-01 +5.247664e-02 +0.000000e+00 +5.247664e-02 +5.247664e-02 +8.739117e-18 -5.247664e-02 +0.000000e+00 
+0.000000e+00 -5.247664e-02 -1.574299e-01 -5.247664e-02 +5.247664e-02 +0.000000e+00 -5.247664e-02 +8.739117e-18 +1.574299e-01 +5.247664e-02 +0.000000e+00 +5.247664e-02 +5.247664e-02 -8.739117e-18 -5.247664e-02 +0.000000e+00 
+0.000000e+00 +5.030804e-01 +0.000000e+00 -9.897990e-02 -5.030804e-01 +0.000000e+00 -4.614109e-19 +9.897990e-02 +0.000000e+00 +4.614109e-19 +0.000000e+00 -9.078152e-20 +9.897990e-02 -9.897990e-02 +9.078152e-20 +0.000000e+00 
+0.000000e+00 +7.698009e-01 +0.000000e+00 -1.514565e-01 -7.698009e-01 +0.000000e+00 -2.667205e-01 -2.726939e-01 +0.000000e+00 +2.667205e-01 +0.000000e+00 -5.247664e-02 +1.514565e-01 +2.726939e-01 +5.247664e-02 +0.000000e+00 
+0.000000e+00 +2.363599e-01 +0.000000e+00 -4.650326e-02 -2.363599e-01 +0.000000e+00 +2.667205e-01 +4.706537e-01 +0.000000e+00 -2.667205e-01 +0.000000e+00 +5.247664e-02 +4.650326e-02 -4.706537e-01 -5.247664e-02 +0.000000e+00 
+0.000000e+00 +5.334411e-01 +5.334411e-01 +7.433476e-01 -5.334411e-01 +0.000000e+00 +2.074042e-19 +1.049533e-01 -5.334411e-01 -2.074042e-19 +0.000000e+00 +1.049533e-01 -7.433476e-01 -1.049533e-01 -1.049533e-01 +0.000000e+00 
+0.000000e+00 -3.866114e-01 -2.667205e-01 -3.480856e-01 +3.866114e-01 +0.000000e+00 +1.198909e-01 +1.145907e-01 +2.667205e-01 -1.198909e-01 +0.000000e+00 -2.888839e-02 +3.480856e-01 -1.145907e-01 +2.888839e-02 +0.000000e+00 
+0.000000e+00 -1.468297e-01 -2.667205e-01 -3.952621e-01 +1.468297e-01 +0.000000e+00 -1.198909e-01 -2.195440e-01 +2.667205e-01 +1.198909e-01 +0.000000e+00 -7.606490e-02 +3.952621e-01 +2.195440e-01 +7.606490e-02 +0.000000e+00 
+0.000000e+00 +2.397818e-01 +2.397818e-01 +3.341348e-01 -2.397818e-01 +0.000000e+00 -1.787392e-17 +4.717650e-02 -2.397818e-01 +1.787392e-17 +0.000000e+00 +4.717650e-02 -3.341348e-01 -4.717650e-02 -4.717650e-02 +0.000000e+00 
+0.000000e+00 -1.198909e-01 +1.468297e-01 -2.195440e-01 +1.198909e-01 +0.000000e+00 +2.667205e-01 -7.606490e-02 -1.468297e-01 -2.667205e-01 +0.000000e+00 -3.952621e-01 +2.195440e-01 +7.606490e-02 +3.952621e-01 +0.000000e+00 
+0.000000e+00 -1.198909e-01 -3.866114e-01 -1.145907e-01 +1.198909e-01 +0.000000e+00 -2.667205e-01 +2.888839e-02 +3.866114e-01 +2.667205e-01 +0.000000e+00 +3.480856e-01 +1.145907e-01 -2.888839e-02 -3.480856e-01 +0.000000e+00 
+0.000000e+00 +0.000000e+00 -2.074042e-19 +4.080629e-20 +0.000000e+00 +0.000000e+00 +5.334411e-01 -1.049533e-01 +2.074042e-19 -5.334411e-01 +0.000000e+00 +1.049533e-01 -4.080629e-20 +1.049533e-01 -1.049533e-01 +0.000000e+00 
+0.000000e+00 +0.000000e+00 -1.198909e-01 +2.358825e-02 +0.000000e+00 +0.000000e+00 -3.866114e-01 +7.606490e-02 +1.198909e-01 +3.866114e-01 +0.000000e+00 +1.145907e-01 -2.358825e-02 -7.606490e-02 -1.145907e-01 +0.000000e+00 
+0.000000e+00 +0.000000e+00 +1.198909e-01 -2.358825e-02 +0.000000e+00 +0.000000e+00 -1.468297e-01 +2.888839e-02 -1.198909e-01 +1.468297e-01 +0.000000e+00 -2.195440e-01 +2.358825e-02 -2.888839e-02 +2.195440e-01 +0.000000e+00 
+0.000000e+00 +0.000000e+00 +5.596000e-01 -1.101000e-01 +0.000000e+00 +0.000000e+00 +4.795635e-01 -9.435301e-02 -5.596000e-01 -4.795635e-01 +0.000000e+00 +2.044530e-01 +1.101000e-01 +9.435301e-02 -2.044530e-01 +0.000000e+00 
+0.000000e+00 +0.000000e+00 +6.794909e-01 -1.336883e-01 +0.000000e+00 +0.000000e+00 -1.198909e-01 +2.358825e-02 -6.794909e-01 +1.198909e-01 +0.000000e+00 -1.041439e-01 +1.336883e-01 -2.358825e-02 +1.041439e-01 +0.000000e+00 
+0.000000e+00 +0.000000e+00 +4.397091e-01 -8.651175e-02 +0.000000e+00 +0.000000e+00 -3.596726e-01 +7.076476e-02 -4.397091e-01 +3.596726e-01 +0.000000e+00 +2.299909e-01 +8.651175e-02 -7.076476e-02 -2.299909e-01 +0.000000e+00 
+0.000000e+00 +1.101000e-01 -3.498818e-01 +4.717650e-02 -1.101000e-01 +0.000000e+00 +1.101000e-01 -2.164380e-17 +3.498818e-01 -1.101000e-01 +0.000000e+00 -4.717650e-02 -4.717650e-02 +2.164380e-17 +4.717650e-02 +0.000000e+00 
+0.000000e+00 +1.101000e-01 -3.498818e-01 +4.717650e-02 -1.101000e-01 +0.000000e+00 +1.101000e-01 +1.724323e-18 +3.498818e-01 -1.101000e-01 +0.000000e+00 -4.717650e-02 -4.717650e-02 -1.724323e-18 +4.717650e-02 +0.000000e+00 
+0.000000e+00 +1.101000e-01 +3.694635e-01 -9.435301e-02 -1.101000e-01 +0.000000e+00 +1.101000e-01 +3.717582e-17 -3.694635e-01 -1.101000e-01 +0.000000e+00 +9.435301e-02 +9.435301e-02 -3.717582e-17 -9.435301e-02 +0.000000e+00 
+0.000000e+00 +5.247664e-02 -5.247664e-02 +2.271955e-17 -5.247664e-02 +0.000000e+00 -1.574299e-01 -5.247664e-02 +5.247664e-02 +1.574299e-01 +0.000000e+00 +5.247664e-02 -2.271955e-17 +5.247664e-02 -5.247664e-02 +0.000000e+00 
+0.000000e+00 -5.247664e-02 +5.247664e-02 -1.331565e-18 +5.247664e-02 +0.000000e+00 +1.574299e-01 +5.247664e-02 -5.247664e-02 -1.574299e-01 +0.000000e+00 -5.247664e-02 +1.331565e-18 -5.247664e-02 +5.247664e-02 +0.000000e+00 
+0.000000e+00 +7.114548e-18 -7.114548e-18 +4.185360e-36 -7.114548e-18 +0.000000e+00 -1.960391e-17 -1.291768e-17 +7.114548e-18 +1.960391e-17 +0.000000e+00 +1.291768e-17 -4.185360e-36 +1.291768e-17 -1.291768e-17 +0.000000e+00 
+0.000000e+00 +5.596000e-01 -1.068533e-17 -1.101000e-01 -5.596000e-01 +0.000000e+00 +2.930657e-17 +1.101000e-01 +1.068533e-17 -2.930657e-17 +0.000000e+00 +1.928041e-17 +1.101000e-01 -1.101000e-01 -1.928041e-17 +0.000000e+00 
+0.000000e+00 +5.596000e-01 -3.341275e-17 -1.101000e-01 -5.596000e-01 +0.000000e+00 -6.096185e-17 +1.101000e-01 +3.341275e-17 +6.096185e-17 +0.000000e+00 +9.906855e-18 +1.101000e-01 -1.101000e-01 -9.906855e-18 +0.000000e+00 
+0.000000e+00 +5.596000e-01 +6.639799e-17 -1.101000e-01 -5.596000e-01 +0.000000e+00 +1.747823e-17 +1.101000e-01 -6.639799e-17 -1.747823e-17 +0.000000e+00 -3.968325e-17 +1.101000e-01 -1.101000e-01 +3.968325e-17 +0.000000e+00 
+0.000000e+00 +5.700818e-01 +2.299909e-01 +2.535791e-01 -5.700818e-01 +0.000000e+00 -2.299909e-01 -2.535791e-01 -2.299909e-01 +2.299909e-01 +0.000000e+00 +4.170705e-17 -2.535791e-01 +2.535791e-01 -4.170705e-17 +0.000000e+00 
+0.000000e+00 +3.303000e-01 +2.299909e-01 +3.007556e-01 -3.303000e-01 +0.000000e+00 +9.790878e-03 +8.055563e-02 -2.299909e-01 -9.790878e-03 +0.000000e+00 +4.717650e-02 -3.007556e-01 -8.055563e-02 -4.717650e-02 +0.000000e+00 
+0.000000e+00 +9.051824e-02 -1.296818e-01 -2.240348e-01 -9.051824e-02 +0.000000e+00 -1.101000e-01 -1.572765e-01 +1.296818e-01 +1.101000e-01 +0.000000e+00 -4.717650e-02 +2.240348e-01 +1.572765e-01 +4.717650e-02 +0.000000e+00 
+0.000000e+00 -1.616290e-01 +2.676737e-02 +2.247210e-02 +1.616290e-01 +0.000000e+00 -2.373687e-02 -2.171447e-02 -2.676737e-02 +2.373687e-02 +0.000000e+00 -7.576256e-04 -2.247210e-02 +2.171447e-02 +7.576256e-04 +0.000000e+00 
+0.000000e+00 +3.505429e-01 +2.979788e-02 -7.347730e-02 -3.505429e-01 +0.000000e+00 -2.676737e-02 +7.423492e-02 -2.979788e-02 +2.676737e-02 +0.000000e+00 -7.576256e-04 +7.347730e-02 -7.423492e-02 +7.576256e-04 +0.000000e+00 
+0.000000e+00 +1.495070e-01 -2.676737e-02 -2.550260e-02 -1.495070e-01 +0.000000e+00 +3.585888e-02 +2.777548e-02 +2.676737e-02 -3.585888e-02 +0.000000e+00 -2.272877e-03 +2.550260e-02 -2.777548e-02 +2.272877e-03 +0.000000e+00 
+0.000000e+00 -1.155224e-02 -3.850748e-03 -3.850748e-03 +1.155224e-02 +0.000000e+00 +3.850747e-03 +3.850748e-03 +3.850748e-03 -3.850747e-03 +0.000000e+00 +7.264155e-18 +3.850748e-03 -3.850748e-03 -7.264155e-18 +0.000000e+00 
+0.000000e+00 +3.850747e-03 +1.155224e-02 +1.761325e-02 -3.850747e-03 +0.000000e+00 +3.850747e-03 +6.881250e-03 -1.155224e-02 -3.850747e-03 +0.000000e+00 +3.030503e-03 -1.761325e-02 -6.881250e-03 -3.030503e-03 +0.000000e+00 
+0.000000e+00 -3.850747e-03 +3.850748e-03 +6.881250e-03 +3.850747e-03 +0.000000e+00 +1.155224e-02 +1.761325e-02 -3.850748e-03 -1.155224e-02 +0.000000e+00 +3.030502e-03 -6.881250e-03 -1.761325e-02 -3.030502e-03 +0.000000e+00 
+0.000000e+00 -5.287625e-01 +9.754178e-02 +6.419793e-02 +5.287625e-01 +0.000000e+00 -1.540299e-02 -1.010023e-01 -9.754178e-02 +1.540299e-02 +0.000000e+00 +4.368562e-02 -6.419793e-02 +1.010023e-01 -4.368562e-02 +0.000000e+00 
+0.000000e+00 -1.027915e-02 +1.437507e-01 -1.937898e-02 +1.027915e-02 +0.000000e+00 -3.903128e-18 -2.022399e-03 -1.437507e-01 +3.903128e-18 +0.000000e+00 +2.828263e-02 +1.937898e-02 +2.022399e-03 -2.828263e-02 +0.000000e+00 
+0.000000e+00 +1.027915e-02 +4.004463e-01 -8.769052e-02 -1.027915e-02 +0.000000e+00 -1.540299e-02 +5.052902e-03 -4.004463e-01 +1.540299e-02 +0.000000e+00 +1.032814e-01 +8.769052e-02 -5.052902e-03 -1.032814e-01 +0.000000e+00 
+0.000000e+00 -7.872425e-02 +1.085243e-01 -5.505000e-02 +7.872425e-02 +0.000000e+00 +1.597276e-02 +2.367425e-02 -1.085243e-01 -1.597276e-02 +0.000000e+00 +3.137575e-02 +5.505000e-02 -2.367425e-02 -3.137575e-02 +0.000000e+00 
+0.000000e+00 -9.412724e-02 +1.085243e-01 -5.201950e-02 +9.412724e-02 +0.000000e+00 +3.137575e-02 +4.513825e-02 -1.085243e-01 -3.137575e-02 +0.000000e+00 +3.440625e-02 +5.201950e-02 -4.513825e-02 -3.440625e-02 +0.000000e+00 
+0.000000e+00 +7.872425e-02 +4.356728e-01 -5.201950e-02 -7.872425e-02 +0.000000e+00 -3.137575e-02 -2.064375e-02 -4.356728e-01 +3.137575e-02 +0.000000e+00 +1.001882e-01 +5.201950e-02 +2.064375e-02 -1.001882e-01 +0.000000e+00 
+0.000000e+00 -3.680224e-02 +7.045299e-02 -5.580763e-02 +3.680224e-02 +0.000000e+00 -7.045299e-02 +5.580763e-02 -7.045299e-02 +7.045299e-02 +0.000000e+00 +8.782038e-18 +5.580763e-02 -5.580763e-02 -8.782038e-18 +0.000000e+00 
+0.000000e+00 +8.870075e-02 -5.505000e-02 -5.580763e-02 -8.870075e-02 +0.000000e+00 +5.505000e-02 +5.580763e-02 +5.505000e-02 -5.505000e-02 +0.000000e+00 +2.927346e-18 +5.580763e-02 -5.580763e-02 -2.927346e-18 +0.000000e+00 
+0.000000e+00 +4.708993e-01 +7.045299e-02 -5.732288e-02 -4.708993e-01 +0.000000e+00 -5.505000e-02 +5.429237e-02 -7.045299e-02 +5.505000e-02 +0.000000e+00 +3.030503e-03 +5.732288e-02 -5.429237e-02 -3.030503e-03 +0.000000e+00 
