+1.125000e+00 -3.750000e-01 -7.500000e-01 +3.750000e-01 +7.500000e-01 +0.000000e+00 -7.500000e-01 -3.750000e-01 -3.750000e-01 +3.750000e-01 
-3.750000e-01 +3.750000e-01 +0.000000e+00 -3.750000e-01 +0.000000e+00 +0.000000e+00 +3.750000e-01 +0.000000e+00 +0.000000e+00 +0.000000e+00 
-7.500000e-01 +0.000000e+00 +7.500000e-01 +0.000000e+00 -7.500000e-01 +0.000000e+00 +3.750000e-01 +3.750000e-01 +3.750000e-01 -3.750000e-01 
+3.750000e-01 -3.750000e-01 +0.000000e+00 +7.500000e-01 -3.750000e-01 +3.750000e-01 -3.750000e-01 +0.000000e+00 +0.000000e+00 -3.750000e-01 
+7.500000e-01 +0.000000e+00 -7.500000e-01 -3.750000e-01 +1.125000e+00 -3.750000e-01 -3.750000e-01 -3.750000e-01 -3.750000e-01 +7.500000e-01 
+0.000000e+00 +0.000000e+00 +0.000000e+00 +3.750000e-01 -3.750000e-01 +3.750000e-01 +0.000000e+00 +0.000000e+00 +0.000000e+00 -3.750000e-01 
-7.500000e-01 +3.750000e-01 +3.750000e-01 -3.750000e-01 -3.750000e-01 +0.000000e+00 +7.500000e-01 +0.000000e+00 +3.750000e-01 -3.750000e-01 
-3.750000e-01 +0.000000e+00 +3.750000e-01 +0.000000e+00 -3.750000e-01 +0.000000e+00 +0.000000e+00 +3.750000e-01 +0.000000e+00 +0.000000e+00 
-3.750000e-01 +0.000000e+00 +3.750000e-01 +0.000000e+00 -3.750000e-01 +0.000000e+00 +3.750000e-01 +0.000000e+00 +3.750000e-01 -3.750000e-01 
+3.750000e-01 +0.000000e+00 -3.750000e-01 -3.750000e-01 +7.500000e-01 -3.750000e-01 -3.750000e-01 +0.000000e+00 -3.750000e-01 +7.500000e-01 
