+1.805556e-02 +3.472222e-03 -6.944444e-04 -9.027778e-03 -6.250000e-03 -1.388889e-03 -4.166667e-03 +2.777778e-03 +6.944444e-04 -3.472222e-03 
+3.472222e-03 +6.944444e-03 +2.083333e-03 -3.472222e-03 -1.388889e-03 -6.944444e-04 +5.421011e-19 +6.944444e-04 +1.388889e-03 -6.944444e-04 
-6.944444e-04 +2.083333e-03 +6.944444e-03 -2.113448e-19 -6.944444e-04 +2.083333e-03 +2.168404e-19 +6.944444e-04 +2.083333e-03 -4.336809e-19 
-9.027778e-03 -3.472222e-03 -2.113448e-19 +1.944444e-02 +9.027778e-03 +3.472222e-03 +4.861111e-03 -1.540140e-21 -1.055301e-19 +4.861111e-03 
-6.250000e-03 -1.388889e-03 -6.944444e-04 +9.027778e-03 +1.805556e-02 +3.472222e-03 +3.472222e-03 +2.777778e-03 +6.944444e-04 +4.166667e-03 
-1.388889e-03 -6.944444e-04 +2.083333e-03 +3.472222e-03 +3.472222e-03 +6.944444e-03 +6.944444e-04 +6.944444e-04 +1.388889e-03 -5.421011e-19 
-4.166667e-03 +5.421011e-19 +2.168404e-19 +4.861111e-03 +3.472222e-03 +6.944444e-04 +9.722222e-03 +2.777778e-03 +1.388889e-03 +2.083333e-03 
+2.777778e-03 +6.944444e-04 +6.944444e-04 -1.540140e-21 +2.777778e-03 +6.944444e-04 +2.777778e-03 +1.111111e-02 +2.083333e-03 -2.777778e-03 
+6.944444e-04 +1.388889e-03 +2.083333e-03 -1.055301e-19 +6.944444e-04 +1.388889e-03 +1.388889e-03 +2.083333e-03 +4.166667e-03 -1.388889e-03 
-3.472222e-03 -6.944444e-04 -4.336809e-19 +4.861111e-03 +4.166667e-03 -5.421011e-19 +2.083333e-03 -2.777778e-03 -1.388889e-03 +9.722222e-03 
