+7.222222e-02 +1.388889e-02 -2.777778e-03 -3.611111e-02 -2.500000e-02 -5.555556e-03 -1.666667e-02 +1.111111e-02 +2.777778e-03 -1.388889e-02 
+1.388889e-02 +2.777778e-02 +8.333333e-03 -1.388889e-02 -5.555556e-03 -2.777778e-03 -1.734723e-18 +2.777778e-03 +5.555556e-03 -2.777778e-03 
-2.777778e-03 +8.333333e-03 +2.777778e-02 -1.156048e-20 -2.777778e-03 +8.333333e-03 -4.336809e-19 +2.777778e-03 +8.333333e-03 +8.673617e-19 
-3.611111e-02 -1.388889e-02 -1.156048e-20 +7.777778e-02 +3.611111e-02 +1.388889e-02 +1.944444e-02 +5.391537e-21 -1.156048e-20 +1.944444e-02 
-2.500000e-02 -5.555556e-03 -2.777778e-03 +3.611111e-02 +7.222222e-02 +1.388889e-02 +1.388889e-02 +1.111111e-02 +2.777778e-03 +1.666667e-02 
-5.555556e-03 -2.777778e-03 +8.333333e-03 +1.388889e-02 +1.388889e-02 +2.777778e-02 +2.777778e-03 +2.777778e-03 +5.555556e-03 +1.734723e-18 
-1.666667e-02 -1.734723e-18 -4.336809e-19 +1.944444e-02 +1.388889e-02 +2.777778e-03 +3.888889e-02 +1.111111e-02 +5.555556e-03 +8.333333e-03 
+1.111111e-02 +2.777778e-03 +2.777778e-03 +5.391537e-21 +1.111111e-02 +2.777778e-03 +1.111111e-02 +4.444444e-02 +8.333333e-03 -1.111111e-02 
+2.777778e-03 +5.555556e-03 +8.333333e-03 -1.156048e-20 +2.777778e-03 +5.555556e-03 +5.555556e-03 +8.333333e-03 +1.666667e-02 -5.555556e-03 
-1.388889e-02 -2.777778e-03 +8.673617e-19 +1.944444e-02 +1.666667e-02 +1.734723e-18 +8.333333e-03 -1.111111e-02 -5.555556e-03 +3.888889e-02 
