-1.110223e-16 -1.110223e-16 +1.000000e+00 +0.000000e+00 +0.000000e+00 +0.000000e+00 +0.000000e+00 +0.000000e+00 +0.000000e+00 +0.000000e+00 
+1.110223e-16 +0.000000e+00 +0.000000e+00 -1.110223e-16 +1.000000e+00 +0.000000e+00 +0.000000e+00 +0.000000e+00 +0.000000e+00 +0.000000e+00 
+0.000000e+00 +1.110223e-16 +0.000000e+00 +1.110223e-16 +0.000000e+00 +1.000000e+00 +0.000000e+00 -0.000000e+00 +0.000000e+00 +0.000000e+00 
-1.110223e-16 +0.000000e+00 +0.000000e+00 +0.000000e+00 +0.000000e+00 +0.000000e+00 -1.110223e-16 +1.000000e+00 +0.000000e+00 +0.000000e+00 
+0.000000e+00 -1.110223e-16 +0.000000e+00 +0.000000e+00 +0.000000e+00 +0.000000e+00 +1.110223e-16 +0.000000e+00 +1.000000e+00 +0.000000e+00 
+0.000000e+00 +0.000000e+00 +0.000000e+00 -1.110223e-16 +0.000000e+00 +0.000000e+00 -1.110223e-16 +0.000000e+00 +0.000000e+00 +1.000000e+00 
+1.000000e+00 -0.000000e+00 +0.000000e+00 +0.000000e+00 +0.000000e+00 +0.000000e+00 +0.000000e+00 +0.000000e+00 +0.000000e+00 +0.000000e+00 
+0.000000e+00 +1.000000e+00 +0.000000e+00 -0.000000e+00 +0.000000e+00 +0.000000e+00 +0.000000e+00 +0.000000e+00 +0.000000e+00 +0.000000e+00 
+0.000000e+00 +0.000000e+00 +0.000000e+00 +1.000000e+00 +0.000000e+00 +0.000000e+00 -0.000000e+00 +0.000000e+00 +0.000000e+00 +0.000000e+00 
+0.000000e+00 +0.000000e+00 +0.000000e+00 -0.000000e+00 +0.000000e+00 +0.000000e+00 +1.000000e+00 +0.000000e+00 +0.000000e+00 +0.000000e+00 
