+0.000000e+00 +0.000000e+00 +0.000000e+00 +0.000000e+00 +0.000000e+00 +0.000000e+00 +0.000000e+00 +0.000000e+00 +0.000000e+00 +0.000000e+00 +0.000000e+00 +0.000000e+00 +0.000000e+00 +0.000000e+00 +0.000000e+00 +0.000000e+00 +0.000000e+00 +0.000000e+00 +1.000000e+00 +1.000000e+00 +1.000000e+00 +0.000000e+00 +0.000000e+00 +0.000000e+00 +0.000000e+00 +0.000000e+00 +0.000000e+00 +0.000000e+00 +0.000000e+00 +0.000000e+00 -2.500000e-01 -2.500000e-01 +2.500000e-01 +0.000000e+00 +0.000000e+00 +0.000000e+00 +0.000000e+00 +0.000000e+00 +0.000000e+00 +0.000000e+00 -0.000000e+00 -0.000000e+00 -7.500000e-01 +2.500000e-01 -2.500000e-01 
+0.000000e+00 +0.000000e+00 +0.000000e+00 +0.000000e+00 +0.000000e+00 +0.000000e+00 +0.000000e+00 +0.000000e+00 +0.000000e+00 +0.000000e+00 +0.000000e+00 +0.000000e+00 +0.000000e+00 +0.000000e+00 +0.000000e+00 +0.000000e+00 +0.000000e+00 +0.000000e+00 -4.766271e-01 -4.766271e-01 +9.532542e-01 +0.000000e+00 +0.000000e+00 +0.000000e+00 +0.000000e+00 +0.000000e+00 +0.000000e+00 +0.000000e+00 +0.000000e+00 +0.000000e+00 +1.984359e-17 +2.204843e-18 -2.204843e-18 +0.000000e+00 +0.000000e+00 +0.000000e+00 +0.000000e+00 +0.000000e+00 +0.000000e+00 +0.000000e+00 -0.000000e+00 -0.000000e+00 +1.124470e-16 -3.748234e-17 +3.748234e-17 
+0.000000e+00 +0.000000e+00 +0.000000e+00 +0.000000e+00 +0.000000e+00 +0.000000e+00 +0.000000e+00 +0.000000e+00 +0.000000e+00 +0.000000e+00 +0.000000e+00 +0.000000e+00 +0.000000e+00 +0.000000e+00 +0.000000e+00 +0.000000e+00 +0.000000e+00 +0.000000e+00 -4.766271e-01 +4.766271e-01 +3.444913e-17 +0.000000e+00 +0.000000e+00 +0.000000e+00 +0.000000e+00 +0.000000e+00 +0.000000e+00 +0.000000e+00 +0.000000e+00 +0.000000e+00 +1.653632e-17 +3.307265e-18 -3.307265e-18 +0.000000e+00 +0.000000e+00 +0.000000e+00 +0.000000e+00 +0.000000e+00 +0.000000e+00 +0.000000e+00 -0.000000e+00 -0.000000e+00 +5.953077e-17 -1.984359e-17 +1.984359e-17 
+0.000000e+00 +0.000000e+00 +0.000000e+00 +0.000000e+00 +0.000000e+00 +0.000000e+00 +0.000000e+00 +0.000000e+00 +0.000000e+00 +0.000000e+00 +0.000000e+00 +0.000000e+00 +0.000000e+00 +0.000000e+00 +0.000000e+00 +0.000000e+00 +0.000000e+00 +0.000000e+00 +0.000000e+00 +0.000000e+00 +0.000000e+00 +1.000000e+00 +1.000000e+00 +1.000000e+00 +0.000000e+00 +0.000000e+00 +0.000000e+00 +0.000000e+00 +0.000000e+00 +0.000000e+00 +0.000000e+00 +0.000000e+00 +0.000000e+00 -2.500000e-01 -2.500000e-01 +2.500000e-01 +0.000000e+00 +0.000000e+00 +0.000000e+00 +0.000000e+00 -0.000000e+00 -0.000000e+00 -2.500000e-01 +7.500000e-01 +2.500000e-01 
+0.000000e+00 +0.000000e+00 +0.000000e+00 +0.000000e+00 +0.000000e+00 +0.000000e+00 +0.000000e+00 +0.000000e+00 +0.000000e+00 +0.000000e+00 +0.000000e+00 +0.000000e+00 +0.000000e+00 +0.000000e+00 +0.000000e+00 +0.000000e+00 +0.000000e+00 +0.000000e+00 +0.000000e+00 +0.000000e+00 +0.000000e+00 -4.766271e-01 -4.766271e-01 +9.532542e-01 +0.000000e+00 +0.000000e+00 +0.000000e+00 +0.000000e+00 +0.000000e+00 +0.000000e+00 +0.000000e+00 +0.000000e+00 +0.000000e+00 +6.614530e-18 +6.614530e-18 -6.614530e-18 +0.000000e+00 +0.000000e+00 +0.000000e+00 +0.000000e+00 -0.000000e+00 -0.000000e+00 +6.614530e-18 -9.039858e-17 +6.394046e-17 
+0.000000e+00 +0.000000e+00 +0.000000e+00 +0.000000e+00 +0.000000e+00 +0.000000e+00 +0.000000e+00 +0.000000e+00 +0.000000e+00 +0.000000e+00 +0.000000e+00 +0.000000e+00 +0.000000e+00 +0.000000e+00 +0.000000e+00 +0.000000e+00 +0.000000e+00 +0.000000e+00 +0.000000e+00 +0.000000e+00 +0.000000e+00 -4.766271e-01 +4.766271e-01 +3.444913e-17 +0.000000e+00 +0.000000e+00 +0.000000e+00 +0.000000e+00 +0.000000e+00 +0.000000e+00 +0.000000e+00 +0.000000e+00 +0.000000e+00 +6.614530e-18 +6.614530e-18 -6.614530e-18 +0.000000e+00 +0.000000e+00 +0.000000e+00 +0.000000e+00 -0.000000e+00 -0.000000e+00 +1.984359e-17 -5.953077e-17 +3.307265e-17 
+1.000000e+00 +1.000000e+00 +1.000000e+00 +0.000000e+00 +0.000000e+00 +0.000000e+00 +0.000000e+00 +0.000000e+00 +0.000000e+00 +0.000000e+00 +0.000000e+00 +0.000000e+00 +0.000000e+00 +0.000000e+00 +0.000000e+00 +0.000000e+00 +0.000000e+00 +0.000000e+00 +0.000000e+00 +1.051263e-32 +4.981409e-50 +2.465190e-32 +1.040002e-32 +2.948383e-33 +0.000000e+00 +0.000000e+00 +0.000000e+00 +0.000000e+00 +0.000000e+00 +0.000000e+00 -7.500000e-01 +2.500000e-01 -2.500000e-01 -7.500000e-01 +2.500000e-01 -2.500000e-01 +0.000000e+00 +0.000000e+00 +0.000000e+00 +0.000000e+00 -0.000000e+00 -0.000000e+00 -5.296307e-34 +1.588892e-33 +5.296307e-34 
+9.532542e-01 -4.766271e-01 -4.766271e-01 +0.000000e+00 +0.000000e+00 +0.000000e+00 +0.000000e+00 +0.000000e+00 +0.000000e+00 +0.000000e+00 +0.000000e+00 +0.000000e+00 +0.000000e+00 +0.000000e+00 +0.000000e+00 +0.000000e+00 +0.000000e+00 +0.000000e+00 +0.000000e+00 -6.162976e-33 -1.830100e-49 -6.162976e-33 -4.325185e-48 -9.746581e-34 +0.000000e+00 +0.000000e+00 +0.000000e+00 +0.000000e+00 +0.000000e+00 +0.000000e+00 -1.653632e-16 +5.512108e-17 -5.512108e-17 -7.937436e-17 -7.937436e-17 +7.937436e-17 +0.000000e+00 +0.000000e+00 +0.000000e+00 +0.000000e+00 -0.000000e+00 -0.000000e+00 +5.048727e-34 -1.514618e-33 -1.055643e-33 
+8.245370e-19 -4.766271e-01 +4.766271e-01 +0.000000e+00 +0.000000e+00 +0.000000e+00 +0.000000e+00 +0.000000e+00 +0.000000e+00 +0.000000e+00 +0.000000e+00 +0.000000e+00 +0.000000e+00 +0.000000e+00 +0.000000e+00 +0.000000e+00 +0.000000e+00 +0.000000e+00 +5.551115e-17 -5.551115e-17 -1.504856e-33 +5.551115e-17 -5.551115e-17 -1.568795e-33 +0.000000e+00 +0.000000e+00 +0.000000e+00 +0.000000e+00 +0.000000e+00 +0.000000e+00 +6.614530e-18 -2.204843e-18 +2.204843e-18 +1.400064e-33 +1.400064e-33 -1.400064e-33 +0.000000e+00 +0.000000e+00 +0.000000e+00 +0.000000e+00 -0.000000e+00 -0.000000e+00 -5.110865e-33 +6.520270e-33 +2.330195e-34 
+0.000000e+00 +0.000000e+00 +0.000000e+00 +0.000000e+00 +0.000000e+00 +0.000000e+00 +0.000000e+00 +0.000000e+00 +0.000000e+00 +0.000000e+00 +0.000000e+00 +0.000000e+00 +0.000000e+00 +0.000000e+00 +0.000000e+00 +0.000000e+00 +0.000000e+00 +0.000000e+00 +0.000000e+00 +0.000000e+00 +0.000000e+00 +0.000000e+00 +0.000000e+00 +0.000000e+00 +1.000000e+00 +1.000000e+00 +1.000000e+00 +0.000000e+00 +0.000000e+00 +0.000000e+00 +0.000000e+00 +0.000000e+00 +0.000000e+00 +0.000000e+00 +0.000000e+00 +0.000000e+00 -2.500000e-01 -2.500000e-01 +2.500000e-01 +0.000000e+00 -0.000000e+00 -0.000000e+00 +2.500000e-01 +2.500000e-01 +7.500000e-01 
+0.000000e+00 +0.000000e+00 +0.000000e+00 +0.000000e+00 +0.000000e+00 +0.000000e+00 +0.000000e+00 +0.000000e+00 +0.000000e+00 +0.000000e+00 +0.000000e+00 +0.000000e+00 +0.000000e+00 +0.000000e+00 +0.000000e+00 +0.000000e+00 +0.000000e+00 +0.000000e+00 +0.000000e+00 +0.000000e+00 +0.000000e+00 +0.000000e+00 +0.000000e+00 +0.000000e+00 -4.766271e-01 -4.766271e-01 +9.532542e-01 +0.000000e+00 +0.000000e+00 +0.000000e+00 +0.000000e+00 +0.000000e+00 +0.000000e+00 +0.000000e+00 +0.000000e+00 +0.000000e+00 +1.984359e-17 +2.204843e-18 -2.204843e-18 +0.000000e+00 -0.000000e+00 -0.000000e+00 -1.984359e-17 -2.204843e-18 -2.425328e-17 
+0.000000e+00 +0.000000e+00 +0.000000e+00 +0.000000e+00 +0.000000e+00 +0.000000e+00 +0.000000e+00 +0.000000e+00 +0.000000e+00 +0.000000e+00 +0.000000e+00 +0.000000e+00 +0.000000e+00 +0.000000e+00 +0.000000e+00 +0.000000e+00 +0.000000e+00 +0.000000e+00 +0.000000e+00 +0.000000e+00 +0.000000e+00 +0.000000e+00 +0.000000e+00 +0.000000e+00 -4.766271e-01 +4.766271e-01 +3.444913e-17 +0.000000e+00 +0.000000e+00 +0.000000e+00 +0.000000e+00 +0.000000e+00 +0.000000e+00 +0.000000e+00 +0.000000e+00 +0.000000e+00 +1.653632e-17 +3.307265e-18 -3.307265e-18 +0.000000e+00 -0.000000e+00 -0.000000e+00 -1.653632e-17 -3.307265e-18 -2.315085e-17 
+0.000000e+00 +0.000000e+00 +0.000000e+00 +1.000000e+00 +1.000000e+00 +1.000000e+00 +0.000000e+00 +0.000000e+00 +0.000000e+00 +0.000000e+00 +0.000000e+00 +0.000000e+00 +0.000000e+00 +0.000000e+00 +0.000000e+00 +0.000000e+00 +0.000000e+00 +0.000000e+00 +6.044413e-34 -6.162976e-33 -2.383667e-32 +0.000000e+00 +0.000000e+00 +0.000000e+00 +0.000000e+00 +1.051263e-32 +4.981409e-50 +0.000000e+00 +0.000000e+00 +0.000000e+00 -2.500000e-01 +7.500000e-01 +2.500000e-01 +0.000000e+00 +0.000000e+00 +0.000000e+00 -7.500000e-01 +2.500000e-01 -2.500000e-01 +0.000000e+00 -0.000000e+00 -0.000000e+00 +1.733337e-33 -5.777790e-34 +5.777790e-34 
+0.000000e+00 +0.000000e+00 +0.000000e+00 +9.532542e-01 -4.766271e-01 -4.766271e-01 +0.000000e+00 +0.000000e+00 +0.000000e+00 +0.000000e+00 +0.000000e+00 +0.000000e+00 +0.000000e+00 +0.000000e+00 +0.000000e+00 +0.000000e+00 +0.000000e+00 +0.000000e+00 +2.775558e-17 +4.895736e-34 +4.105367e-48 +0.000000e+00 +0.000000e+00 +0.000000e+00 +0.000000e+00 -6.162976e-33 -1.830100e-49 +0.000000e+00 +0.000000e+00 +0.000000e+00 -5.953077e-17 +1.609536e-16 -1.609536e-16 +0.000000e+00 +0.000000e+00 +0.000000e+00 -1.653632e-16 +5.512108e-17 -5.512108e-17 +0.000000e+00 -0.000000e+00 -0.000000e+00 +3.951925e-33 -1.339708e-33 +1.272509e-33 
+0.000000e+00 +0.000000e+00 +0.000000e+00 +8.245370e-19 -4.766271e-01 +4.766271e-01 +0.000000e+00 +0.000000e+00 +0.000000e+00 +0.000000e+00 +0.000000e+00 +0.000000e+00 +0.000000e+00 +0.000000e+00 +0.000000e+00 +0.000000e+00 +0.000000e+00 +0.000000e+00 -2.775558e-17 -7.833177e-33 +5.551115e-17 +0.000000e+00 +0.000000e+00 +0.000000e+00 +5.551115e-17 -5.551115e-17 -1.504856e-33 +0.000000e+00 +0.000000e+00 +0.000000e+00 +6.614530e-18 -2.204843e-18 +2.204843e-18 +0.000000e+00 +0.000000e+00 +0.000000e+00 +6.614530e-18 -2.204843e-18 +2.204843e-18 +0.000000e+00 -0.000000e+00 -0.000000e+00 +4.964545e-33 +2.006207e-34 +5.365786e-33 
+0.000000e+00 +0.000000e+00 +0.000000e+00 +0.000000e+00 +0.000000e+00 +0.000000e+00 +1.000000e+00 +1.000000e+00 +1.000000e+00 +0.000000e+00 +0.000000e+00 +0.000000e+00 +0.000000e+00 +0.000000e+00 +0.000000e+00 +0.000000e+00 +0.000000e+00 +0.000000e+00 +0.000000e+00 +0.000000e+00 +0.000000e+00 +0.000000e+00 -1.549212e-33 -2.309385e-32 +6.044413e-34 -6.162976e-33 -2.383667e-32 +0.000000e+00 +0.000000e+00 +0.000000e+00 +0.000000e+00 +0.000000e+00 +0.000000e+00 -2.500000e-01 +7.500000e-01 +2.500000e-01 -2.500000e-01 +7.500000e-01 +2.500000e-01 +0.000000e+00 -0.000000e+00 -0.000000e+00 -4.012354e-34 -2.819347e-33 -3.536221e-33 
+0.000000e+00 +0.000000e+00 +0.000000e+00 +0.000000e+00 +0.000000e+00 +0.000000e+00 +9.532542e-01 -4.766271e-01 -4.766271e-01 +0.000000e+00 +0.000000e+00 +0.000000e+00 +0.000000e+00 +0.000000e+00 +0.000000e+00 +0.000000e+00 +0.000000e+00 +0.000000e+00 +0.000000e+00 +0.000000e+00 +0.000000e+00 +2.775558e-17 +3.450007e-33 +4.108597e-48 +2.775558e-17 +4.895736e-34 +4.105367e-48 +0.000000e+00 +0.000000e+00 +0.000000e+00 +0.000000e+00 +0.000000e+00 +0.000000e+00 -2.312965e-18 -2.312965e-18 +2.312965e-18 -5.953077e-17 +1.609536e-16 -1.609536e-16 +0.000000e+00 -0.000000e+00 -0.000000e+00 +9.680551e-34 -1.647359e-33 -4.836986e-34 
+0.000000e+00 +0.000000e+00 +0.000000e+00 +0.000000e+00 +0.000000e+00 +0.000000e+00 +8.245370e-19 -4.766271e-01 +4.766271e-01 +0.000000e+00 +0.000000e+00 +0.000000e+00 +0.000000e+00 +0.000000e+00 +0.000000e+00 +0.000000e+00 +0.000000e+00 +0.000000e+00 +0.000000e+00 +0.000000e+00 +0.000000e+00 -2.775558e-17 -6.387448e-33 +5.551115e-17 -2.775558e-17 -7.833177e-33 +5.551115e-17 +0.000000e+00 +0.000000e+00 +0.000000e+00 +0.000000e+00 +0.000000e+00 +0.000000e+00 -2.312965e-18 -2.312965e-18 +2.312965e-18 +6.614530e-18 -2.204843e-18 +2.204843e-18 +0.000000e+00 -0.000000e+00 -0.000000e+00 -1.042433e-33 -3.821735e-34 -4.830372e-33 
+0.000000e+00 +0.000000e+00 +0.000000e+00 +0.000000e+00 +0.000000e+00 +0.000000e+00 +0.000000e+00 +0.000000e+00 +0.000000e+00 +0.000000e+00 +0.000000e+00 +0.000000e+00 +0.000000e+00 +0.000000e+00 +0.000000e+00 +0.000000e+00 +0.000000e+00 +0.000000e+00 +0.000000e+00 +0.000000e+00 +0.000000e+00 +0.000000e+00 +0.000000e+00 +0.000000e+00 +0.000000e+00 +0.000000e+00 +0.000000e+00 +1.000000e+00 +1.000000e+00 +1.000000e+00 +0.000000e+00 +0.000000e+00 +0.000000e+00 +0.000000e+00 +0.000000e+00 +0.000000e+00 +0.000000e+00 +0.000000e+00 +0.000000e+00 -2.500000e-01 -2.500000e-01 +2.500000e-01 -2.500000e-01 -2.500000e-01 +2.500000e-01 
+0.000000e+00 +0.000000e+00 +0.000000e+00 +0.000000e+00 +0.000000e+00 +0.000000e+00 +0.000000e+00 +0.000000e+00 +0.000000e+00 +0.000000e+00 +0.000000e+00 +0.000000e+00 +0.000000e+00 +0.000000e+00 +0.000000e+00 +0.000000e+00 +0.000000e+00 +0.000000e+00 +0.000000e+00 +0.000000e+00 +0.000000e+00 +0.000000e+00 +0.000000e+00 +0.000000e+00 +0.000000e+00 +0.000000e+00 +0.000000e+00 -4.766271e-01 -4.766271e-01 +9.532542e-01 +0.000000e+00 +0.000000e+00 +0.000000e+00 +0.000000e+00 +0.000000e+00 +0.000000e+00 +0.000000e+00 +0.000000e+00 +0.000000e+00 +6.614530e-18 +6.614530e-18 -6.614530e-18 +1.984359e-17 +2.204843e-18 -2.204843e-18 
+0.000000e+00 +0.000000e+00 +0.000000e+00 +0.000000e+00 +0.000000e+00 +0.000000e+00 +0.000000e+00 +0.000000e+00 +0.000000e+00 +0.000000e+00 +0.000000e+00 +0.000000e+00 +0.000000e+00 +0.000000e+00 +0.000000e+00 +0.000000e+00 +0.000000e+00 +0.000000e+00 +0.000000e+00 +0.000000e+00 +0.000000e+00 +0.000000e+00 +0.000000e+00 +0.000000e+00 +0.000000e+00 +0.000000e+00 +0.000000e+00 -4.766271e-01 +4.766271e-01 +3.444913e-17 +0.000000e+00 +0.000000e+00 +0.000000e+00 +0.000000e+00 +0.000000e+00 +0.000000e+00 +0.000000e+00 +0.000000e+00 +0.000000e+00 +6.614530e-18 +6.614530e-18 -6.614530e-18 +1.653632e-17 +3.307265e-18 -3.307265e-18 
+0.000000e+00 +0.000000e+00 +0.000000e+00 +0.000000e+00 +0.000000e+00 +0.000000e+00 +0.000000e+00 +0.000000e+00 +0.000000e+00 +1.000000e+00 +1.000000e+00 +1.000000e+00 +0.000000e+00 +0.000000e+00 +0.000000e+00 +0.000000e+00 +0.000000e+00 +0.000000e+00 -1.028794e-50 +0.000000e+00 -3.936539e-34 +0.000000e+00 +0.000000e+00 +0.000000e+00 +0.000000e+00 +0.000000e+00 +0.000000e+00 +2.465190e-32 +1.040002e-32 +2.948383e-33 +2.500000e-01 +2.500000e-01 +7.500000e-01 +0.000000e+00 +0.000000e+00 +0.000000e+00 +0.000000e+00 +0.000000e+00 +0.000000e+00 -7.500000e-01 +2.500000e-01 -2.500000e-01 +4.975319e-34 -8.720183e-34 +8.720183e-34 
+0.000000e+00 +0.000000e+00 +0.000000e+00 +0.000000e+00 +0.000000e+00 +0.000000e+00 +0.000000e+00 +0.000000e+00 +0.000000e+00 +9.532542e-01 -4.766271e-01 -4.766271e-01 +0.000000e+00 +0.000000e+00 +0.000000e+00 +0.000000e+00 +0.000000e+00 +0.000000e+00 -2.100096e-33 -2.775558e-17 +1.032611e-67 +0.000000e+00 +0.000000e+00 +0.000000e+00 +0.000000e+00 +0.000000e+00 +0.000000e+00 -6.162976e-33 -4.325185e-48 -9.746581e-34 +3.869288e-17 -9.813673e-18 +9.813673e-18 +0.000000e+00 +0.000000e+00 +0.000000e+00 +0.000000e+00 +0.000000e+00 +0.000000e+00 -7.937436e-17 -7.937436e-17 +7.937436e-17 +9.179504e-35 +8.261554e-34 -8.261554e-34 
+0.000000e+00 +0.000000e+00 +0.000000e+00 +0.000000e+00 +0.000000e+00 +0.000000e+00 +0.000000e+00 +0.000000e+00 +0.000000e+00 +8.245370e-19 -4.766271e-01 +4.766271e-01 +0.000000e+00 +0.000000e+00 +0.000000e+00 +0.000000e+00 +0.000000e+00 +0.000000e+00 -7.000321e-34 +2.775558e-17 -5.551115e-17 +0.000000e+00 +0.000000e+00 +0.000000e+00 +0.000000e+00 +0.000000e+00 +0.000000e+00 +5.551115e-17 -5.551115e-17 -1.568795e-33 +1.223476e-17 -9.943003e-19 +9.943003e-19 +0.000000e+00 +0.000000e+00 +0.000000e+00 +0.000000e+00 +0.000000e+00 +0.000000e+00 +1.400064e-33 +1.400064e-33 -1.400064e-33 -3.171517e-33 -1.193924e-33 +1.193924e-33 
+0.000000e+00 +0.000000e+00 +0.000000e+00 +0.000000e+00 +0.000000e+00 +0.000000e+00 +0.000000e+00 +0.000000e+00 +0.000000e+00 +0.000000e+00 +0.000000e+00 +0.000000e+00 +1.000000e+00 +1.000000e+00 +1.000000e+00 +0.000000e+00 +0.000000e+00 +0.000000e+00 +0.000000e+00 +0.000000e+00 +0.000000e+00 +0.000000e+00 -3.851860e-34 -7.428282e-34 +0.000000e+00 +0.000000e+00 +0.000000e+00 +0.000000e+00 -1.549212e-33 -2.551161e-32 +0.000000e+00 +0.000000e+00 +0.000000e+00 +2.500000e-01 +2.500000e-01 +7.500000e-01 +0.000000e+00 +0.000000e+00 +0.000000e+00 -2.500000e-01 +7.500000e-01 +2.500000e-01 +1.669139e-33 +1.947329e-33 -1.754736e-33 
+0.000000e+00 +0.000000e+00 +0.000000e+00 +0.000000e+00 +0.000000e+00 +0.000000e+00 +0.000000e+00 +0.000000e+00 +0.000000e+00 +0.000000e+00 +0.000000e+00 +0.000000e+00 +9.532542e-01 -4.766271e-01 -4.766271e-01 +0.000000e+00 +0.000000e+00 +0.000000e+00 +0.000000e+00 +0.000000e+00 +0.000000e+00 -2.100096e-33 -2.775558e-17 -3.230512e-51 +0.000000e+00 +0.000000e+00 +0.000000e+00 +2.775558e-17 +3.450007e-33 +1.232595e-32 +0.000000e+00 +0.000000e+00 +0.000000e+00 +2.312965e-18 +2.312965e-18 -2.312965e-18 +0.000000e+00 +0.000000e+00 +0.000000e+00 -2.312965e-18 -2.312965e-18 +2.312965e-18 -6.728982e-34 +1.424226e-33 -1.424226e-33 
+0.000000e+00 +0.000000e+00 +0.000000e+00 +0.000000e+00 +0.000000e+00 +0.000000e+00 +0.000000e+00 +0.000000e+00 +0.000000e+00 +0.000000e+00 +0.000000e+00 +0.000000e+00 -8.245370e-19 -4.766271e-01 +4.766271e-01 +0.000000e+00 +0.000000e+00 +0.000000e+00 +0.000000e+00 +0.000000e+00 +0.000000e+00 -7.000321e-34 +2.775558e-17 -5.551115e-17 +0.000000e+00 +0.000000e+00 +0.000000e+00 -2.775558e-17 -6.387448e-33 +5.551115e-17 +0.000000e+00 +0.000000e+00 +0.000000e+00 +2.312965e-18 +2.312965e-18 -2.312965e-18 +0.000000e+00 +0.000000e+00 +0.000000e+00 -2.312965e-18 -2.312965e-18 +2.312965e-18 +3.080726e-34 +1.661037e-34 -1.634824e-33 
+0.000000e+00 +0.000000e+00 +0.000000e+00 +0.000000e+00 +0.000000e+00 +0.000000e+00 +0.000000e+00 +0.000000e+00 +0.000000e+00 +0.000000e+00 +0.000000e+00 +0.000000e+00 +0.000000e+00 +0.000000e+00 +0.000000e+00 +1.000000e+00 +1.000000e+00 +1.000000e+00 +0.000000e+00 +0.000000e+00 +0.000000e+00 +0.000000e+00 +0.000000e+00 +0.000000e+00 -1.028794e-50 +0.000000e+00 -3.936539e-34 +0.000000e+00 -3.851860e-34 -7.428282e-34 +0.000000e+00 +0.000000e+00 +0.000000e+00 +0.000000e+00 +0.000000e+00 +0.000000e+00 +2.500000e-01 +2.500000e-01 +7.500000e-01 +2.500000e-01 +2.500000e-01 +7.500000e-01 -1.604942e-35 -5.884786e-35 -1.481896e-33 
+0.000000e+00 +0.000000e+00 +0.000000e+00 +0.000000e+00 +0.000000e+00 +0.000000e+00 +0.000000e+00 +0.000000e+00 +0.000000e+00 +0.000000e+00 +0.000000e+00 +0.000000e+00 +0.000000e+00 +0.000000e+00 +0.000000e+00 +9.532542e-01 -4.766271e-01 -4.766271e-01 +0.000000e+00 +0.000000e+00 +0.000000e+00 +0.000000e+00 +0.000000e+00 +0.000000e+00 -2.100096e-33 -2.775558e-17 +1.032611e-67 -2.100096e-33 -2.775558e-17 -3.230512e-51 +0.000000e+00 +0.000000e+00 +0.000000e+00 +0.000000e+00 +0.000000e+00 +0.000000e+00 +3.869288e-17 -9.813673e-18 +9.813673e-18 +2.312965e-18 +2.312965e-18 -2.312965e-18 -3.660029e-35 +1.220010e-35 -1.480921e-33 
+0.000000e+00 +0.000000e+00 +0.000000e+00 +0.000000e+00 +0.000000e+00 +0.000000e+00 +0.000000e+00 +0.000000e+00 +0.000000e+00 +0.000000e+00 +0.000000e+00 +0.000000e+00 +0.000000e+00 +0.000000e+00 +0.000000e+00 +8.245370e-19 -4.766271e-01 +4.766271e-01 +0.000000e+00 +0.000000e+00 +0.000000e+00 +0.000000e+00 +0.000000e+00 +0.000000e+00 -7.000321e-34 +2.775558e-17 -5.551115e-17 -7.000321e-34 +2.775558e-17 -5.551115e-17 +0.000000e+00 +0.000000e+00 +0.000000e+00 +0.000000e+00 +0.000000e+00 +0.000000e+00 +1.223476e-17 -9.943003e-19 +9.943003e-19 +2.312965e-18 +2.312965e-18 -2.312965e-18 +5.519475e-35 -1.839825e-35 -1.450322e-33 
+0.000000e+00 +0.000000e+00 +0.000000e+00 +0.000000e+00 +0.000000e+00 +0.000000e+00 +0.000000e+00 +0.000000e+00 +0.000000e+00 +0.000000e+00 +0.000000e+00 +0.000000e+00 +0.000000e+00 +0.000000e+00 +0.000000e+00 +0.000000e+00 +0.000000e+00 +0.000000e+00 +0.000000e+00 +0.000000e+00 +0.000000e+00 +0.000000e+00 +0.000000e+00 +0.000000e+00 +0.000000e+00 +0.000000e+00 +0.000000e+00 +0.000000e+00 +0.000000e+00 +0.000000e+00 +0.000000e+00 +0.000000e+00 +0.000000e+00 +0.000000e+00 +0.000000e+00 +0.000000e+00 +0.000000e+00 +0.000000e+00 +0.000000e+00 +0.000000e+00 -0.000000e+00 -0.000000e+00 -1.875000e-01 +6.250000e-02 -6.250000e-02 
+0.000000e+00 +0.000000e+00 +0.000000e+00 +0.000000e+00 +0.000000e+00 +0.000000e+00 +0.000000e+00 +0.000000e+00 +0.000000e+00 +0.000000e+00 +0.000000e+00 +0.000000e+00 +0.000000e+00 +0.000000e+00 +0.000000e+00 +0.000000e+00 +0.000000e+00 +0.000000e+00 +0.000000e+00 +0.000000e+00 +0.000000e+00 +0.000000e+00 +0.000000e+00 +0.000000e+00 +0.000000e+00 +0.000000e+00 +0.000000e+00 +0.000000e+00 +0.000000e+00 +0.000000e+00 +0.000000e+00 +0.000000e+00 +0.000000e+00 +0.000000e+00 +0.000000e+00 +0.000000e+00 +0.000000e+00 +0.000000e+00 +0.000000e+00 +0.000000e+00 -0.000000e+00 -0.000000e+00 -6.250000e-02 -6.250000e-02 +6.250000e-02 
+0.000000e+00 +0.000000e+00 +0.000000e+00 +0.000000e+00 +0.000000e+00 +0.000000e+00 +0.000000e+00 +0.000000e+00 +0.000000e+00 +0.000000e+00 +0.000000e+00 +0.000000e+00 +0.000000e+00 +0.000000e+00 +0.000000e+00 +0.000000e+00 +0.000000e+00 +0.000000e+00 +0.000000e+00 +0.000000e+00 +0.000000e+00 +0.000000e+00 +0.000000e+00 +0.000000e+00 +0.000000e+00 +0.000000e+00 +0.000000e+00 +0.000000e+00 +0.000000e+00 +0.000000e+00 +0.000000e+00 +0.000000e+00 +0.000000e+00 +0.000000e+00 +0.000000e+00 +0.000000e+00 +0.000000e+00 +0.000000e+00 +0.000000e+00 +0.000000e+00 -0.000000e+00 -0.000000e+00 +6.250000e-02 +6.250000e-02 +1.875000e-01 
+0.000000e+00 +0.000000e+00 +0.000000e+00 +0.000000e+00 +0.000000e+00 +0.000000e+00 +0.000000e+00 +0.000000e+00 +0.000000e+00 +0.000000e+00 +0.000000e+00 +0.000000e+00 +0.000000e+00 +0.000000e+00 +0.000000e+00 +0.000000e+00 +0.000000e+00 +0.000000e+00 +0.000000e+00 +0.000000e+00 +0.000000e+00 +0.000000e+00 +0.000000e+00 +0.000000e+00 +0.000000e+00 +0.000000e+00 +0.000000e+00 +0.000000e+00 +0.000000e+00 +0.000000e+00 +6.250000e-02 +6.250000e-02 -6.250000e-02 +0.000000e+00 +0.000000e+00 +0.000000e+00 +0.000000e+00 +0.000000e+00 +0.000000e+00 +0.000000e+00 -0.000000e+00 -0.000000e+00 +0.000000e+00 +0.000000e+00 +0.000000e+00 
+0.000000e+00 +0.000000e+00 +0.000000e+00 +0.000000e+00 +0.000000e+00 +0.000000e+00 +0.000000e+00 +0.000000e+00 +0.000000e+00 +0.000000e+00 +0.000000e+00 +0.000000e+00 +0.000000e+00 +0.000000e+00 +0.000000e+00 +0.000000e+00 +0.000000e+00 +0.000000e+00 +0.000000e+00 -3.469447e-18 +9.841346e-35 +0.000000e+00 +0.000000e+00 +0.000000e+00 +0.000000e+00 +0.000000e+00 +0.000000e+00 +0.000000e+00 +0.000000e+00 +0.000000e+00 -6.250000e-02 -6.250000e-02 -1.875000e-01 +0.000000e+00 +0.000000e+00 +0.000000e+00 +0.000000e+00 +0.000000e+00 +0.000000e+00 +0.000000e+00 -0.000000e+00 -0.000000e+00 -4.179476e-51 +1.393159e-51 -1.393159e-51 
+0.000000e+00 +0.000000e+00 +0.000000e+00 +0.000000e+00 +0.000000e+00 +0.000000e+00 +0.000000e+00 +0.000000e+00 +0.000000e+00 +0.000000e+00 +0.000000e+00 +0.000000e+00 +0.000000e+00 +0.000000e+00 +0.000000e+00 +0.000000e+00 +0.000000e+00 +0.000000e+00 +0.000000e+00 +0.000000e+00 +0.000000e+00 +0.000000e+00 +0.000000e+00 +0.000000e+00 +0.000000e+00 +0.000000e+00 +0.000000e+00 +0.000000e+00 +0.000000e+00 +0.000000e+00 -1.875000e-01 +6.250000e-02 -6.250000e-02 +0.000000e+00 +0.000000e+00 +0.000000e+00 +0.000000e+00 +0.000000e+00 +0.000000e+00 +0.000000e+00 -0.000000e+00 -0.000000e+00 +0.000000e+00 +0.000000e+00 +0.000000e+00 
+0.000000e+00 +0.000000e+00 +0.000000e+00 +0.000000e+00 +0.000000e+00 +0.000000e+00 +0.000000e+00 +0.000000e+00 +0.000000e+00 +0.000000e+00 +0.000000e+00 +0.000000e+00 +0.000000e+00 +0.000000e+00 +0.000000e+00 +0.000000e+00 +0.000000e+00 +0.000000e+00 +0.000000e+00 +0.000000e+00 +0.000000e+00 +0.000000e+00 -2.888895e-34 +8.729359e-35 +0.000000e+00 +0.000000e+00 +0.000000e+00 +0.000000e+00 +0.000000e+00 +0.000000e+00 +0.000000e+00 +0.000000e+00 +0.000000e+00 -6.250000e-02 -6.250000e-02 +6.250000e-02 +0.000000e+00 +0.000000e+00 +0.000000e+00 +0.000000e+00 -0.000000e+00 -0.000000e+00 +1.203706e-35 -3.611119e-35 -1.203706e-35 
+0.000000e+00 +0.000000e+00 +0.000000e+00 +0.000000e+00 +0.000000e+00 +0.000000e+00 +0.000000e+00 +0.000000e+00 +0.000000e+00 +0.000000e+00 +0.000000e+00 +0.000000e+00 +0.000000e+00 +0.000000e+00 +0.000000e+00 +0.000000e+00 +0.000000e+00 +0.000000e+00 +0.000000e+00 +0.000000e+00 +0.000000e+00 +0.000000e+00 +3.469447e-18 -1.857071e-34 +0.000000e+00 +0.000000e+00 +0.000000e+00 +0.000000e+00 +0.000000e+00 +0.000000e+00 +0.000000e+00 +0.000000e+00 +0.000000e+00 +6.250000e-02 +6.250000e-02 +1.875000e-01 +0.000000e+00 +0.000000e+00 +0.000000e+00 +0.000000e+00 -0.000000e+00 -0.000000e+00 +1.324077e-34 -1.203706e-35 +6.018531e-35 
+0.000000e+00 +0.000000e+00 +0.000000e+00 +0.000000e+00 +0.000000e+00 +0.000000e+00 +0.000000e+00 +0.000000e+00 +0.000000e+00 +0.000000e+00 +0.000000e+00 +0.000000e+00 +0.000000e+00 +0.000000e+00 +0.000000e+00 +0.000000e+00 +0.000000e+00 +0.000000e+00 +0.000000e+00 +0.000000e+00 +0.000000e+00 -3.469447e-18 -2.888895e-34 +8.729359e-35 +0.000000e+00 +0.000000e+00 +0.000000e+00 +0.000000e+00 +0.000000e+00 +0.000000e+00 +0.000000e+00 +0.000000e+00 +0.000000e+00 -6.250000e-02 +1.875000e-01 +6.250000e-02 +0.000000e+00 +0.000000e+00 +0.000000e+00 +0.000000e+00 -0.000000e+00 -0.000000e+00 -3.611119e-35 -2.768524e-34 +2.287042e-34 
+0.000000e+00 +0.000000e+00 +0.000000e+00 +0.000000e+00 +0.000000e+00 +0.000000e+00 +0.000000e+00 +0.000000e+00 +0.000000e+00 +0.000000e+00 +0.000000e+00 +0.000000e+00 +0.000000e+00 +0.000000e+00 +0.000000e+00 +0.000000e+00 +0.000000e+00 +0.000000e+00 +0.000000e+00 +0.000000e+00 +0.000000e+00 +0.000000e+00 +0.000000e+00 +0.000000e+00 +0.000000e+00 +0.000000e+00 +0.000000e+00 +0.000000e+00 +0.000000e+00 +0.000000e+00 +0.000000e+00 +0.000000e+00 +0.000000e+00 +0.000000e+00 +0.000000e+00 +0.000000e+00 +6.250000e-02 +6.250000e-02 -6.250000e-02 +0.000000e+00 -0.000000e+00 -0.000000e+00 +0.000000e+00 +0.000000e+00 +0.000000e+00 
+0.000000e+00 +0.000000e+00 +0.000000e+00 +0.000000e+00 +0.000000e+00 +0.000000e+00 +0.000000e+00 +0.000000e+00 +0.000000e+00 +0.000000e+00 +0.000000e+00 +0.000000e+00 +0.000000e+00 +0.000000e+00 +0.000000e+00 +0.000000e+00 +0.000000e+00 +0.000000e+00 +0.000000e+00 +0.000000e+00 +0.000000e+00 +0.000000e+00 +0.000000e+00 +0.000000e+00 +0.000000e+00 -3.469447e-18 +9.841346e-35 +0.000000e+00 +0.000000e+00 +0.000000e+00 +0.000000e+00 +0.000000e+00 +0.000000e+00 +0.000000e+00 +0.000000e+00 +0.000000e+00 -6.250000e-02 -6.250000e-02 -1.875000e-01 +0.000000e+00 -0.000000e+00 +0.000000e+00 +3.611119e-35 -1.203706e-35 +1.203706e-35 
+0.000000e+00 +0.000000e+00 +0.000000e+00 +0.000000e+00 +0.000000e+00 +0.000000e+00 +0.000000e+00 +0.000000e+00 +0.000000e+00 +0.000000e+00 +0.000000e+00 +0.000000e+00 +0.000000e+00 +0.000000e+00 +0.000000e+00 +0.000000e+00 +0.000000e+00 +0.000000e+00 +0.000000e+00 +0.000000e+00 +0.000000e+00 +0.000000e+00 +0.000000e+00 +0.000000e+00 +0.000000e+00 +0.000000e+00 +0.000000e+00 +0.000000e+00 +0.000000e+00 +0.000000e+00 +0.000000e+00 +0.000000e+00 +0.000000e+00 +0.000000e+00 +0.000000e+00 +0.000000e+00 -1.875000e-01 +6.250000e-02 -6.250000e-02 +0.000000e+00 -0.000000e+00 +0.000000e+00 +0.000000e+00 +0.000000e+00 +0.000000e+00 
+0.000000e+00 +0.000000e+00 +0.000000e+00 +0.000000e+00 +0.000000e+00 +0.000000e+00 +0.000000e+00 +0.000000e+00 +0.000000e+00 +0.000000e+00 +0.000000e+00 +0.000000e+00 +0.000000e+00 +0.000000e+00 +0.000000e+00 +0.000000e+00 +0.000000e+00 +0.000000e+00 +0.000000e+00 +0.000000e+00 +0.000000e+00 +0.000000e+00 +0.000000e+00 +0.000000e+00 +0.000000e+00 +0.000000e+00 +0.000000e+00 +0.000000e+00 -2.888895e-34 +8.729359e-35 +0.000000e+00 +0.000000e+00 +0.000000e+00 +0.000000e+00 +0.000000e+00 +0.000000e+00 +0.000000e+00 +0.000000e+00 +0.000000e+00 -6.250000e-02 -6.250000e-02 +6.250000e-02 +1.203706e-35 +1.203706e-35 -1.203706e-35 
+0.000000e+00 +0.000000e+00 +0.000000e+00 +0.000000e+00 +0.000000e+00 +0.000000e+00 +0.000000e+00 +0.000000e+00 +0.000000e+00 +0.000000e+00 +0.000000e+00 +0.000000e+00 +0.000000e+00 +0.000000e+00 +0.000000e+00 +0.000000e+00 +0.000000e+00 +0.000000e+00 +0.000000e+00 +0.000000e+00 +0.000000e+00 +0.000000e+00 +0.000000e+00 +0.000000e+00 +0.000000e+00 +0.000000e+00 +0.000000e+00 +0.000000e+00 +3.469447e-18 -1.857071e-34 +0.000000e+00 +0.000000e+00 +0.000000e+00 +0.000000e+00 +0.000000e+00 +0.000000e+00 +0.000000e+00 +0.000000e+00 +0.000000e+00 +6.250000e-02 +6.250000e-02 +1.875000e-01 +2.407412e-35 -2.407412e-35 +2.407412e-35 
+0.000000e+00 +0.000000e+00 +0.000000e+00 +0.000000e+00 +0.000000e+00 +0.000000e+00 +0.000000e+00 +0.000000e+00 +0.000000e+00 +0.000000e+00 +0.000000e+00 +0.000000e+00 +0.000000e+00 +0.000000e+00 +0.000000e+00 +0.000000e+00 +0.000000e+00 +0.000000e+00 +0.000000e+00 +0.000000e+00 +0.000000e+00 +0.000000e+00 +0.000000e+00 +0.000000e+00 +0.000000e+00 +0.000000e+00 +0.000000e+00 -3.469447e-18 -2.888895e-34 +8.729359e-35 +0.000000e+00 +0.000000e+00 +0.000000e+00 +0.000000e+00 +0.000000e+00 +0.000000e+00 +0.000000e+00 +0.000000e+00 +0.000000e+00 -6.250000e-02 +1.875000e-01 +6.250000e-02 +4.814825e-35 +0.000000e+00 +0.000000e+00 
