+0.000000e+00 +1.101000e-01 -1.101000e-01 +0.000000e+00 -1.101000e-01 +0.000000e+00 +1.101000e-01 +0.000000e+00 +1.101000e-01 -1.101000e-01 +0.000000e+00 +0.000000e+00 +0.000000e+00 +0.000000e+00 +0.000000e+00 +0.000000e+00 
+0.000000e+00 +5.596000e-01 +0.000000e+00 -1.101000e-01 -5.596000e-01 +0.000000e+00 +0.000000e+00 +1.101000e-01 +0.000000e+00 +0.000000e+00 +0.000000e+00 +0.000000e+00 +1.101000e-01 -1.101000e-01 +0.000000e+00 +0.000000e+00 
+0.000000e+00 +3.303000e-01 +1.101000e-01 +1.101000e-01 -3.303000e-01 +0.000000e+00 -1.101000e-01 -1.101000e-01 -1.101000e-01 +1.101000e-01 +0.000000e+00 +0.000000e+00 -1.101000e-01 +1.101000e-01 +0.000000e+00 +0.000000e+00 
+0.000000e+00 +0.000000e+00 +5.596000e-01 -1.101000e-01 +0.000000e+00 +0.000000e+00 +0.000000e+00 +0.000000e+00 -5.596000e-01 +0.000000e+00 +0.000000e+00 +1.101000e-01 +1.101000e-01 +0.000000e+00 -1.101000e-01 +0.000000e+00 
+0.000000e+00 +1.101000e-01 +3.303000e-01 +1.101000e-01 -1.101000e-01 +0.000000e+00 +1.101000e-01 +0.000000e+00 -3.303000e-01 -1.101000e-01 +0.000000e+00 -1.101000e-01 -1.101000e-01 +0.000000e+00 +1.101000e-01 +0.000000e+00 
+0.000000e+00 +5.596000e-01 +5.596000e-01 +7.798000e-01 -5.596000e-01 +0.000000e+00 +0.000000e+00 +1.101000e-01 -5.596000e-01 +0.000000e+00 +0.000000e+00 +1.101000e-01 -7.798000e-01 -1.101000e-01 -1.101000e-01 +0.000000e+00 
+0.000000e+00 +0.000000e+00 +0.000000e+00 +0.000000e+00 +0.000000e+00 +0.000000e+00 +5.596000e-01 -1.101000e-01 +0.000000e+00 -5.596000e-01 +0.000000e+00 +1.101000e-01 +0.000000e+00 +1.101000e-01 -1.101000e-01 +0.000000e+00 
+0.000000e+00 -1.101000e-01 +1.101000e-01 +0.000000e+00 +1.101000e-01 +0.000000e+00 +3.303000e-01 +1.101000e-01 -1.101000e-01 -3.303000e-01 +0.000000e+00 -1.101000e-01 +0.000000e+00 -1.101000e-01 +1.101000e-01 +0.000000e+00 
+0.000000e+00 -5.596000e-01 +0.000000e+00 +1.101000e-01 +5.596000e-01 +0.000000e+00 +5.596000e-01 +7.798000e-01 +0.000000e+00 -5.596000e-01 +0.000000e+00 +1.101000e-01 -1.101000e-01 -7.798000e-01 -1.101000e-01 +0.000000e+00 
+0.000000e+00 +0.000000e+00 -5.596000e-01 +1.101000e-01 +0.000000e+00 +0.000000e+00 -5.596000e-01 +1.101000e-01 +5.596000e-01 +5.596000e-01 +0.000000e+00 +7.798000e-01 -1.101000e-01 -1.101000e-01 -7.798000e-01 +0.000000e+00 
