+0.000000e+00 +3.303000e-01 +1.101000e-01 +1.101000e-01 -3.303000e-01 +0.000000e+00 -1.101000e-01 -1.101000e-01 -1.101000e-01 +1.101000e-01 +0.000000e+00 +0.000000e+00 -1.101000e-01 +1.101000e-01 +0.000000e+00 +0.000000e+00 
+0.000000e+00 +3.303000e-01 +1.101000e-01 +1.101000e-01 -3.303000e-01 +0.000000e+00 -1.101000e-01 -1.101000e-01 -1.101000e-01 +1.101000e-01 +0.000000e+00 +0.000000e+00 -1.101000e-01 +1.101000e-01 +0.000000e+00 +0.000000e+00 
+0.000000e+00 +3.303000e-01 +1.101000e-01 +1.101000e-01 -3.303000e-01 +0.000000e+00 -1.101000e-01 -1.101000e-01 -1.101000e-01 +1.101000e-01 +0.000000e+00 +0.000000e+00 -1.101000e-01 +1.101000e-01 +0.000000e+00 +0.000000e+00 
+0.000000e+00 +1.101000e-01 +3.303000e-01 +1.101000e-01 -1.101000e-01 +0.000000e+00 +1.101000e-01 +0.000000e+00 -3.303000e-01 -1.101000e-01 +0.000000e+00 -1.101000e-01 -1.101000e-01 +0.000000e+00 +1.101000e-01 +0.000000e+00 
+0.000000e+00 +1.101000e-01 +3.303000e-01 +1.101000e-01 -1.101000e-01 +0.000000e+00 +1.101000e-01 +0.000000e+00 -3.303000e-01 -1.101000e-01 +0.000000e+00 -1.101000e-01 -1.101000e-01 +0.000000e+00 +1.101000e-01 +0.000000e+00 
+0.000000e+00 +1.101000e-01 +3.303000e-01 +1.101000e-01 -1.101000e-01 +0.000000e+00 +1.101000e-01 +0.000000e+00 -3.303000e-01 -1.101000e-01 +0.000000e+00 -1.101000e-01 -1.101000e-01 +0.000000e+00 +1.101000e-01 +0.000000e+00 
+0.000000e+00 +3.198182e-01 +3.198182e-01 +4.456652e-01 -3.198182e-01 +0.000000e+00 +0.000000e+00 +6.292350e-02 -3.198182e-01 +0.000000e+00 +0.000000e+00 +6.292350e-02 -4.456652e-01 -6.292350e-02 -6.292350e-02 +0.000000e+00 
+0.000000e+00 +5.596000e-01 +5.596000e-01 +7.798000e-01 -5.596000e-01 +0.000000e+00 +0.000000e+00 +1.101000e-01 -5.596000e-01 +0.000000e+00 +0.000000e+00 +1.101000e-01 -7.798000e-01 -1.101000e-01 -1.101000e-01 +0.000000e+00 
+0.000000e+00 +7.993818e-01 +7.993818e-01 +1.113935e+00 -7.993818e-01 +0.000000e+00 +0.000000e+00 +1.572765e-01 -7.993818e-01 +0.000000e+00 +0.000000e+00 +1.572765e-01 -1.113935e+00 -1.572765e-01 -1.572765e-01 +0.000000e+00 
+0.000000e+00 -1.101000e-01 +1.101000e-01 +0.000000e+00 +1.101000e-01 +0.000000e+00 +3.303000e-01 +1.101000e-01 -1.101000e-01 -3.303000e-01 +0.000000e+00 -1.101000e-01 +0.000000e+00 -1.101000e-01 +1.101000e-01 +0.000000e+00 
+0.000000e+00 -1.101000e-01 +1.101000e-01 +0.000000e+00 +1.101000e-01 +0.000000e+00 +3.303000e-01 +1.101000e-01 -1.101000e-01 -3.303000e-01 +0.000000e+00 -1.101000e-01 +0.000000e+00 -1.101000e-01 +1.101000e-01 +0.000000e+00 
+0.000000e+00 -1.101000e-01 +1.101000e-01 +0.000000e+00 +1.101000e-01 +0.000000e+00 +3.303000e-01 +1.101000e-01 -1.101000e-01 -3.303000e-01 +0.000000e+00 -1.101000e-01 +0.000000e+00 -1.101000e-01 +1.101000e-01 +0.000000e+00 
+0.000000e+00 -3.198182e-01 +0.000000e+00 +6.292350e-02 +3.198182e-01 +0.000000e+00 +3.198182e-01 +4.456652e-01 +0.000000e+00 -3.198182e-01 +0.000000e+00 +6.292350e-02 -6.292350e-02 -4.456652e-01 -6.292350e-02 +0.000000e+00 
+0.000000e+00 -5.596000e-01 +0.000000e+00 +1.101000e-01 +5.596000e-01 +0.000000e+00 +5.596000e-01 +7.798000e-01 +0.000000e+00 -5.596000e-01 +0.000000e+00 +1.101000e-01 -1.101000e-01 -7.798000e-01 -1.101000e-01 +0.000000e+00 
+0.000000e+00 -7.993818e-01 +0.000000e+00 +1.572765e-01 +7.993818e-01 +0.000000e+00 +7.993818e-01 +1.113935e+00 +0.000000e+00 -7.993818e-01 +0.000000e+00 +1.572765e-01 -1.572765e-01 -1.113935e+00 -1.572765e-01 +0.000000e+00 
+0.000000e+00 +0.000000e+00 -3.198182e-01 +6.292350e-02 +0.000000e+00 +0.000000e+00 -3.198182e-01 +6.292350e-02 +3.198182e-01 +3.198182e-01 +0.000000e+00 +4.456652e-01 -6.292350e-02 -6.292350e-02 -4.456652e-01 +0.000000e+00 
+0.000000e+00 +0.000000e+00 -5.596000e-01 +1.101000e-01 +0.000000e+00 +0.000000e+00 -5.596000e-01 +1.101000e-01 +5.596000e-01 +5.596000e-01 +0.000000e+00 +7.798000e-01 -1.101000e-01 -1.101000e-01 -7.798000e-01 +0.000000e+00 
+0.000000e+00 +0.000000e+00 -7.993818e-01 +1.572765e-01 +0.000000e+00 +0.000000e+00 -7.993818e-01 +1.572765e-01 +7.993818e-01 +7.993818e-01 +0.000000e+00 +1.113935e+00 -1.572765e-01 -1.572765e-01 -1.113935e+00 +0.000000e+00 
+0.000000e+00 +1.101000e-01 -1.101000e-01 +5.754567e-34 -1.101000e-01 +0.000000e+00 +1.101000e-01 -3.963867e-50 +1.101000e-01 -1.101000e-01 +0.000000e+00 -5.754567e-34 -5.754567e-34 +3.963867e-50 +5.754567e-34 +0.000000e+00 
+0.000000e+00 +1.101000e-01 -1.101000e-01 +4.788967e-34 -1.101000e-01 +0.000000e+00 +1.101000e-01 +4.205667e-20 +1.101000e-01 -1.101000e-01 +0.000000e+00 -4.205667e-20 -4.788967e-34 -4.205667e-20 +4.205667e-20 +0.000000e+00 
+0.000000e+00 +1.101000e-01 -1.101000e-01 -2.624418e-33 -1.101000e-01 +0.000000e+00 +1.101000e-01 -4.453426e-35 +1.101000e-01 -1.101000e-01 +0.000000e+00 +2.668952e-33 +2.624418e-33 +4.453426e-35 -2.668952e-33 +0.000000e+00 
+0.000000e+00 +3.198182e-01 -1.417705e-17 -6.292350e-02 -3.198182e-01 +0.000000e+00 -2.362002e-33 +6.292350e-02 +1.417705e-17 +2.362002e-33 +0.000000e+00 -2.789301e-18 +6.292350e-02 -6.292350e-02 +2.789301e-18 +0.000000e+00 
+0.000000e+00 +3.198182e-01 -2.214211e-33 -6.292350e-02 -3.198182e-01 +0.000000e+00 +1.417705e-17 +6.292350e-02 +2.214211e-33 -1.417705e-17 +0.000000e+00 +2.789301e-18 +6.292350e-02 -6.292350e-02 -2.789301e-18 +0.000000e+00 
+0.000000e+00 +1.039164e+00 +1.396329e-17 -2.044530e-01 -1.039164e+00 +0.000000e+00 -1.396329e-17 +2.044530e-01 -1.396329e-17 +1.396329e-17 +0.000000e+00 -3.082681e-33 +2.044530e-01 -2.044530e-01 +3.082681e-33 +0.000000e+00 
+0.000000e+00 -1.396329e-17 +3.198182e-01 -6.292350e-02 +1.396329e-17 +0.000000e+00 -3.521724e-34 -2.747244e-18 -3.198182e-01 +3.521724e-34 +0.000000e+00 +6.292350e-02 +6.292350e-02 +2.747244e-18 -6.292350e-02 +0.000000e+00 
+0.000000e+00 -4.384867e-33 +3.198182e-01 -6.292350e-02 +4.384867e-33 +0.000000e+00 -1.417705e-17 +2.789301e-18 -3.198182e-01 +1.417705e-17 +0.000000e+00 +6.292350e-02 +6.292350e-02 -2.789301e-18 -6.292350e-02 +0.000000e+00 
+0.000000e+00 +1.396329e-17 +1.039164e+00 -2.044530e-01 -1.396329e-17 +0.000000e+00 +1.396329e-17 -3.082681e-33 -1.039164e+00 -1.396329e-17 +0.000000e+00 +2.044530e-01 +2.044530e-01 +3.082681e-33 -2.044530e-01 +0.000000e+00 
+0.000000e+00 +1.417705e-17 +2.362002e-33 -2.789301e-18 -1.417705e-17 +0.000000e+00 +3.198182e-01 -6.292350e-02 -2.362002e-33 -3.198182e-01 +0.000000e+00 +6.292350e-02 +2.789301e-18 +6.292350e-02 -6.292350e-02 +0.000000e+00 
+0.000000e+00 +2.214211e-33 -1.417705e-17 +2.789301e-18 -2.214211e-33 +0.000000e+00 +3.198182e-01 -6.292350e-02 +1.417705e-17 -3.198182e-01 +0.000000e+00 +6.292350e-02 -2.789301e-18 +6.292350e-02 -6.292350e-02 +0.000000e+00 
+0.000000e+00 -1.396329e-17 +1.396329e-17 -3.853053e-33 +1.396329e-17 +0.000000e+00 +1.039164e+00 -2.044530e-01 -1.396329e-17 -1.039164e+00 +0.000000e+00 +2.044530e-01 +3.853053e-33 +2.044530e-01 -2.044530e-01 +0.000000e+00 
+0.000000e+00 -3.386339e-01 -1.108576e-01 -1.123729e-01 +3.386339e-01 +0.000000e+00 +1.138881e-01 +1.131305e-01 +1.108576e-01 -1.138881e-01 +0.000000e+00 -7.576256e-04 +1.123729e-01 -1.131305e-01 +7.576256e-04 +0.000000e+00 
+0.000000e+00 +1.108576e-01 +3.325729e-01 +1.108576e-01 -1.108576e-01 +0.000000e+00 +1.108576e-01 +0.000000e+00 -3.325729e-01 -1.108576e-01 +0.000000e+00 -1.108576e-01 -1.108576e-01 +0.000000e+00 +1.108576e-01 +0.000000e+00 
+0.000000e+00 -1.138881e-01 +1.108576e-01 -7.576256e-04 +1.138881e-01 +0.000000e+00 +3.386339e-01 +1.131305e-01 -1.108576e-01 -3.386339e-01 +0.000000e+00 -1.123729e-01 +7.576256e-04 -1.131305e-01 +1.123729e-01 +0.000000e+00 
+0.000000e+00 -6.789772e-01 -2.263257e-01 -2.263257e-01 +6.789772e-01 +0.000000e+00 +2.263257e-01 +2.263257e-01 +2.263257e-01 -2.263257e-01 +0.000000e+00 +0.000000e+00 +2.263257e-01 -2.263257e-01 +0.000000e+00 +0.000000e+00 
+0.000000e+00 +2.263257e-01 +4.587772e-01 +6.850382e-01 -2.263257e-01 +0.000000e+00 +1.162257e-01 +2.293562e-01 -4.587772e-01 -1.162257e-01 +0.000000e+00 +1.131305e-01 -6.850382e-01 -2.293562e-01 -1.131305e-01 +0.000000e+00 
+0.000000e+00 -2.263257e-01 +1.162257e-01 +2.293563e-01 +2.263257e-01 +0.000000e+00 +4.587772e-01 +6.850382e-01 -1.162257e-01 -4.587772e-01 +0.000000e+00 +1.131305e-01 -2.293563e-01 -6.850382e-01 -1.131305e-01 +0.000000e+00 
+0.000000e+00 -2.340272e-01 -7.097832e-01 -2.325120e-01 +2.340272e-01 +0.000000e+00 -2.378780e-01 +7.576256e-04 +7.097832e-01 +2.378780e-01 +0.000000e+00 +2.386356e-01 +2.325120e-01 -7.576256e-04 -2.386356e-01 +0.000000e+00 
+0.000000e+00 +4.510757e-01 +2.263257e-01 +6.727910e-01 -4.510757e-01 +0.000000e+00 -1.123750e-01 +1.108576e-01 -2.263257e-01 +1.123750e-01 +0.000000e+00 +2.232326e-01 -6.727910e-01 -1.108576e-01 -2.232326e-01 +0.000000e+00 
+0.000000e+00 +1.085243e-01 -2.417287e-01 +2.201395e-01 -1.085243e-01 +0.000000e+00 -4.626280e-01 +1.123729e-01 +2.417287e-01 +4.626280e-01 +0.000000e+00 +6.881314e-01 -2.201395e-01 -1.123729e-01 -6.881314e-01 +0.000000e+00 
+0.000000e+00 +2.263257e-01 -2.263257e-01 +0.000000e+00 -2.263257e-01 +0.000000e+00 -6.789772e-01 -2.263257e-01 +2.263257e-01 +6.789772e-01 +0.000000e+00 +2.263257e-01 +0.000000e+00 +2.263257e-01 -2.263257e-01 +0.000000e+00 
+0.000000e+00 -4.587772e-01 -1.162257e-01 +1.131305e-01 +4.587772e-01 +0.000000e+00 +2.263257e-01 +6.850382e-01 +1.162257e-01 -2.263257e-01 +0.000000e+00 +2.293562e-01 -1.131305e-01 -6.850382e-01 -2.293562e-01 +0.000000e+00 
+0.000000e+00 -1.162257e-01 -4.587772e-01 +1.131305e-01 +1.162257e-01 +0.000000e+00 -2.263257e-01 +2.293563e-01 +4.587772e-01 +2.263257e-01 +0.000000e+00 +6.850382e-01 -1.131305e-01 -2.293563e-01 -6.850382e-01 +0.000000e+00 
+0.000000e+00 -2.340272e-01 +2.378780e-01 -7.576256e-04 +2.340272e-01 +0.000000e+00 -2.378780e-01 +7.576256e-04 -2.378780e-01 +2.378780e-01 +0.000000e+00 -1.517883e-18 +7.576256e-04 -7.576256e-04 +1.517883e-18 +0.000000e+00 
+0.000000e+00 +4.510757e-01 +1.123750e-01 -1.108576e-01 -4.510757e-01 +0.000000e+00 -1.123750e-01 +1.108576e-01 -1.123750e-01 +1.123750e-01 +0.000000e+00 +2.168404e-19 +1.108576e-01 -1.108576e-01 -2.168404e-19 +0.000000e+00 
+0.000000e+00 +1.085243e-01 +4.626280e-01 -1.123729e-01 -1.085243e-01 +0.000000e+00 +1.123750e-01 -7.576256e-04 -4.626280e-01 -1.123750e-01 +0.000000e+00 +1.131305e-01 +1.123729e-01 +7.576256e-04 -1.131305e-01 +0.000000e+00 
