+0.000000e+00 +1.101000e-01 -1.101000e-01 +0.000000e+00 -1.101000e-01 +0.000000e+00 +1.101000e-01 +0.000000e+00 +1.101000e-01 -1.101000e-01 +0.000000e+00 +0.000000e+00 +0.000000e+00 +0.000000e+00 +0.000000e+00 +0.000000e+00 
-0.000000e+00 -3.055889e-18 +3.055889e-18 -0.000000e+00 +3.055889e-18 -0.000000e+00 -3.055889e-18 -0.000000e+00 -3.055889e-18 +3.055889e-18 -0.000000e+00 -0.000000e+00 -0.000000e+00 -0.000000e+00 -0.000000e+00 -0.000000e+00 
+0.000000e+00 +0.000000e+00 -0.000000e+00 +0.000000e+00 -0.000000e+00 +0.000000e+00 +0.000000e+00 +0.000000e+00 +0.000000e+00 -0.000000e+00 +0.000000e+00 +0.000000e+00 +0.000000e+00 +0.000000e+00 +0.000000e+00 +0.000000e+00 
+0.000000e+00 +5.596000e-01 +0.000000e+00 -1.101000e-01 -5.596000e-01 +0.000000e+00 +0.000000e+00 +1.101000e-01 +0.000000e+00 +0.000000e+00 +0.000000e+00 +0.000000e+00 +1.101000e-01 -1.101000e-01 +0.000000e+00 +0.000000e+00 
+0.000000e+00 +5.030804e-01 +0.000000e+00 -9.897990e-02 -5.030804e-01 +0.000000e+00 +0.000000e+00 +9.897990e-02 +0.000000e+00 +0.000000e+00 +0.000000e+00 +0.000000e+00 +9.897990e-02 -9.897990e-02 +0.000000e+00 +0.000000e+00 
+0.000000e+00 +0.000000e+00 +0.000000e+00 -0.000000e+00 -0.000000e+00 +0.000000e+00 +0.000000e+00 +0.000000e+00 +0.000000e+00 +0.000000e+00 +0.000000e+00 +0.000000e+00 +0.000000e+00 -0.000000e+00 +0.000000e+00 +0.000000e+00 
+0.000000e+00 +3.303000e-01 +1.101000e-01 +1.101000e-01 -3.303000e-01 +0.000000e+00 -1.101000e-01 -1.101000e-01 -1.101000e-01 +1.101000e-01 +0.000000e+00 +0.000000e+00 -1.101000e-01 +1.101000e-01 +0.000000e+00 +0.000000e+00 
+0.000000e+00 +5.500600e-17 +1.833533e-17 +1.833533e-17 -5.500600e-17 +0.000000e+00 -1.833533e-17 -1.833533e-17 -1.833533e-17 +1.833533e-17 +0.000000e+00 +0.000000e+00 -1.833533e-17 +1.833533e-17 +0.000000e+00 +0.000000e+00 
+0.000000e+00 +0.000000e+00 +0.000000e+00 +0.000000e+00 -0.000000e+00 +0.000000e+00 -0.000000e+00 -0.000000e+00 -0.000000e+00 +0.000000e+00 +0.000000e+00 +0.000000e+00 -0.000000e+00 +0.000000e+00 +0.000000e+00 +0.000000e+00 
+0.000000e+00 +0.000000e+00 +5.596000e-01 -1.101000e-01 +0.000000e+00 +0.000000e+00 +0.000000e+00 +0.000000e+00 -5.596000e-01 +0.000000e+00 +0.000000e+00 +1.101000e-01 +1.101000e-01 +0.000000e+00 -1.101000e-01 +0.000000e+00 
+0.000000e+00 +0.000000e+00 +5.030804e-01 -9.897990e-02 +0.000000e+00 +0.000000e+00 +0.000000e+00 +0.000000e+00 -5.030804e-01 +0.000000e+00 +0.000000e+00 +9.897990e-02 +9.897990e-02 +0.000000e+00 -9.897990e-02 +0.000000e+00 
+0.000000e+00 +0.000000e+00 +0.000000e+00 -0.000000e+00 +0.000000e+00 +0.000000e+00 +0.000000e+00 +0.000000e+00 -0.000000e+00 +0.000000e+00 +0.000000e+00 +0.000000e+00 +0.000000e+00 +0.000000e+00 -0.000000e+00 +0.000000e+00 
+0.000000e+00 +1.101000e-01 +3.303000e-01 +1.101000e-01 -1.101000e-01 +0.000000e+00 +1.101000e-01 +0.000000e+00 -3.303000e-01 -1.101000e-01 +0.000000e+00 -1.101000e-01 -1.101000e-01 +0.000000e+00 +1.101000e-01 +0.000000e+00 
+0.000000e+00 +1.833533e-17 +5.500600e-17 +1.833533e-17 -1.833533e-17 +0.000000e+00 +1.833533e-17 +0.000000e+00 -5.500600e-17 -1.833533e-17 +0.000000e+00 -1.833533e-17 -1.833533e-17 +0.000000e+00 +1.833533e-17 +0.000000e+00 
+0.000000e+00 +0.000000e+00 +0.000000e+00 +0.000000e+00 -0.000000e+00 +0.000000e+00 +0.000000e+00 +0.000000e+00 -0.000000e+00 -0.000000e+00 +0.000000e+00 -0.000000e+00 -0.000000e+00 +0.000000e+00 +0.000000e+00 +0.000000e+00 
+0.000000e+00 +5.596000e-01 +5.596000e-01 +7.798000e-01 -5.596000e-01 +0.000000e+00 +0.000000e+00 +1.101000e-01 -5.596000e-01 +0.000000e+00 +0.000000e+00 +1.101000e-01 -7.798000e-01 -1.101000e-01 -1.101000e-01 +0.000000e+00 
-0.000000e+00 -2.515402e-01 -2.515402e-01 -3.505201e-01 +2.515402e-01 -0.000000e+00 -0.000000e+00 -4.948995e-02 +2.515402e-01 -0.000000e+00 -0.000000e+00 -4.948995e-02 +3.505201e-01 +4.948995e-02 +4.948995e-02 -0.000000e+00 
+0.000000e+00 +2.515402e-01 +2.515402e-01 +3.505201e-01 -2.515402e-01 +0.000000e+00 +0.000000e+00 +4.948995e-02 -2.515402e-01 +0.000000e+00 +0.000000e+00 +4.948995e-02 -3.505201e-01 -4.948995e-02 -4.948995e-02 +0.000000e+00 
+0.000000e+00 +0.000000e+00 +0.000000e+00 +0.000000e+00 +0.000000e+00 +0.000000e+00 +5.596000e-01 -1.101000e-01 +0.000000e+00 -5.596000e-01 +0.000000e+00 +1.101000e-01 +0.000000e+00 +1.101000e-01 -1.101000e-01 +0.000000e+00 
+0.000000e+00 +0.000000e+00 +0.000000e+00 +0.000000e+00 +0.000000e+00 +0.000000e+00 +5.030804e-01 -9.897990e-02 +0.000000e+00 -5.030804e-01 +0.000000e+00 +9.897990e-02 +0.000000e+00 +9.897990e-02 -9.897990e-02 +0.000000e+00 
+0.000000e+00 +0.000000e+00 +0.000000e+00 +0.000000e+00 +0.000000e+00 +0.000000e+00 +0.000000e+00 -0.000000e+00 +0.000000e+00 -0.000000e+00 +0.000000e+00 +0.000000e+00 +0.000000e+00 +0.000000e+00 -0.000000e+00 +0.000000e+00 
+0.000000e+00 -1.101000e-01 +1.101000e-01 +0.000000e+00 +1.101000e-01 +0.000000e+00 +3.303000e-01 +1.101000e-01 -1.101000e-01 -3.303000e-01 +0.000000e+00 -1.101000e-01 +0.000000e+00 -1.101000e-01 +1.101000e-01 +0.000000e+00 
+0.000000e+00 -1.833533e-17 +1.833533e-17 +0.000000e+00 +1.833533e-17 +0.000000e+00 +5.500600e-17 +1.833533e-17 -1.833533e-17 -5.500600e-17 +0.000000e+00 -1.833533e-17 +0.000000e+00 -1.833533e-17 +1.833533e-17 +0.000000e+00 
+0.000000e+00 -0.000000e+00 +0.000000e+00 +0.000000e+00 +0.000000e+00 +0.000000e+00 +0.000000e+00 +0.000000e+00 -0.000000e+00 -0.000000e+00 +0.000000e+00 -0.000000e+00 +0.000000e+00 -0.000000e+00 +0.000000e+00 +0.000000e+00 
+0.000000e+00 -5.596000e-01 +0.000000e+00 +1.101000e-01 +5.596000e-01 +0.000000e+00 +5.596000e-01 +7.798000e-01 +0.000000e+00 -5.596000e-01 +0.000000e+00 +1.101000e-01 -1.101000e-01 -7.798000e-01 -1.101000e-01 +0.000000e+00 
-0.000000e+00 +2.515402e-01 -0.000000e+00 -4.948995e-02 -2.515402e-01 -0.000000e+00 -2.515402e-01 -3.505201e-01 -0.000000e+00 +2.515402e-01 -0.000000e+00 -4.948995e-02 +4.948995e-02 +3.505201e-01 +4.948995e-02 -0.000000e+00 
+0.000000e+00 -2.515402e-01 +0.000000e+00 +4.948995e-02 +2.515402e-01 +0.000000e+00 +2.515402e-01 +3.505201e-01 +0.000000e+00 -2.515402e-01 +0.000000e+00 +4.948995e-02 -4.948995e-02 -3.505201e-01 -4.948995e-02 +0.000000e+00 
+0.000000e+00 +0.000000e+00 -5.596000e-01 +1.101000e-01 +0.000000e+00 +0.000000e+00 -5.596000e-01 +1.101000e-01 +5.596000e-01 +5.596000e-01 +0.000000e+00 +7.798000e-01 -1.101000e-01 -1.101000e-01 -7.798000e-01 +0.000000e+00 
-0.000000e+00 -0.000000e+00 +2.515402e-01 -4.948995e-02 -0.000000e+00 -0.000000e+00 +2.515402e-01 -4.948995e-02 -2.515402e-01 -2.515402e-01 -0.000000e+00 -3.505201e-01 +4.948995e-02 +4.948995e-02 +3.505201e-01 -0.000000e+00 
+0.000000e+00 +0.000000e+00 -2.515402e-01 +4.948995e-02 +0.000000e+00 +0.000000e+00 -2.515402e-01 +4.948995e-02 +2.515402e-01 +2.515402e-01 +0.000000e+00 +3.505201e-01 -4.948995e-02 -4.948995e-02 -3.505201e-01 +0.000000e+00 
+0.000000e+00 +6.161196e-02 -6.161196e-02 +0.000000e+00 -6.161196e-02 +0.000000e+00 +6.161196e-02 +0.000000e+00 +6.161196e-02 -6.161196e-02 +0.000000e+00 +0.000000e+00 +0.000000e+00 +0.000000e+00 +0.000000e+00 +0.000000e+00 
+0.000000e+00 +0.000000e+00 +0.000000e+00 +0.000000e+00 +0.000000e+00 +0.000000e+00 +6.161196e-02 -1.212201e-02 +0.000000e+00 -6.161196e-02 +0.000000e+00 +1.212201e-02 +0.000000e+00 +1.212201e-02 -1.212201e-02 +0.000000e+00 
+0.000000e+00 +0.000000e+00 +6.161196e-02 -1.212201e-02 +0.000000e+00 +0.000000e+00 +0.000000e+00 +0.000000e+00 -6.161196e-02 +0.000000e+00 +0.000000e+00 +1.212201e-02 +1.212201e-02 +0.000000e+00 -1.212201e-02 +0.000000e+00 
+0.000000e+00 -1.212201e-02 +1.212201e-02 +0.000000e+00 +1.212201e-02 +0.000000e+00 -1.212201e-02 +0.000000e+00 -1.212201e-02 +1.212201e-02 +0.000000e+00 +0.000000e+00 +0.000000e+00 +0.000000e+00 +0.000000e+00 +0.000000e+00 
+0.000000e+00 +1.212201e-02 -1.212201e-02 +0.000000e+00 -1.212201e-02 +0.000000e+00 -3.636603e-02 -1.212201e-02 +1.212201e-02 +3.636603e-02 +0.000000e+00 +1.212201e-02 +0.000000e+00 +1.212201e-02 -1.212201e-02 +0.000000e+00 
+0.000000e+00 +3.636603e-02 +1.212201e-02 +1.212201e-02 -3.636603e-02 +0.000000e+00 -1.212201e-02 -1.212201e-02 -1.212201e-02 +1.212201e-02 +0.000000e+00 +0.000000e+00 -1.212201e-02 +1.212201e-02 +0.000000e+00 +0.000000e+00 
+0.000000e+00 +6.161196e-02 +0.000000e+00 -1.212201e-02 -6.161196e-02 +0.000000e+00 +0.000000e+00 +1.212201e-02 +0.000000e+00 +0.000000e+00 +0.000000e+00 +0.000000e+00 +1.212201e-02 -1.212201e-02 +0.000000e+00 +0.000000e+00 
+0.000000e+00 -6.161196e-02 +0.000000e+00 +1.212201e-02 +6.161196e-02 +0.000000e+00 +6.161196e-02 +8.585598e-02 +0.000000e+00 -6.161196e-02 +0.000000e+00 +1.212201e-02 -1.212201e-02 -8.585598e-02 -1.212201e-02 +0.000000e+00 
+0.000000e+00 +6.161196e-02 +6.161196e-02 +8.585598e-02 -6.161196e-02 +0.000000e+00 +0.000000e+00 +1.212201e-02 -6.161196e-02 +0.000000e+00 +0.000000e+00 +1.212201e-02 -8.585598e-02 -1.212201e-02 -1.212201e-02 +0.000000e+00 
+0.000000e+00 +0.000000e+00 -6.161196e-02 +1.212201e-02 +0.000000e+00 +0.000000e+00 +0.000000e+00 +0.000000e+00 +6.161196e-02 +0.000000e+00 +0.000000e+00 -1.212201e-02 -1.212201e-02 +0.000000e+00 +1.212201e-02 +0.000000e+00 
+0.000000e+00 +0.000000e+00 +6.161196e-02 -1.212201e-02 +0.000000e+00 +0.000000e+00 +6.161196e-02 -1.212201e-02 -6.161196e-02 -6.161196e-02 +0.000000e+00 -8.585598e-02 +1.212201e-02 +1.212201e-02 +8.585598e-02 +0.000000e+00 
+0.000000e+00 +6.161196e-02 +1.848359e-01 +6.161196e-02 -6.161196e-02 +0.000000e+00 +6.161196e-02 +0.000000e+00 -1.848359e-01 -6.161196e-02 +0.000000e+00 -6.161196e-02 -6.161196e-02 +0.000000e+00 +6.161196e-02 +0.000000e+00 
+0.000000e+00 +0.000000e+00 +0.000000e+00 +0.000000e+00 +0.000000e+00 +0.000000e+00 +6.161196e-02 -1.212201e-02 +0.000000e+00 -6.161196e-02 +0.000000e+00 +1.212201e-02 +0.000000e+00 +1.212201e-02 -1.212201e-02 +0.000000e+00 
+0.000000e+00 +0.000000e+00 -6.161196e-02 +1.212201e-02 +0.000000e+00 +0.000000e+00 -6.161196e-02 +1.212201e-02 +6.161196e-02 +6.161196e-02 +0.000000e+00 +8.585598e-02 -1.212201e-02 -1.212201e-02 -8.585598e-02 +0.000000e+00 
+0.000000e+00 -6.161196e-02 +0.000000e+00 +1.212201e-02 +6.161196e-02 +0.000000e+00 +6.161196e-02 +8.585598e-02 +0.000000e+00 -6.161196e-02 +0.000000e+00 +1.212201e-02 -1.212201e-02 -8.585598e-02 -1.212201e-02 +0.000000e+00 
