+0.000000e+00 +0.000000e+00 +0.000000e+00 +0.000000e+00 +0.000000e+00 +0.000000e+00 +7.813064e-02 -3.828040e-01 +0.000000e+00 -7.813064e-02 +0.000000e+00 +7.813064e-02 +0.000000e+00 +3.828040e-01 -7.813064e-02 +0.000000e+00 
+0.000000e+00 -3.828040e-01 +7.813064e-02 +0.000000e+00 +3.828040e-01 +0.000000e+00 +5.390653e-01 +3.828040e-01 -7.813064e-02 -5.390653e-01 +0.000000e+00 -7.813064e-02 +0.000000e+00 -3.828040e-01 +7.813064e-02 +0.000000e+00 
+0.000000e+00 +3.828040e-01 -7.813064e-02 +0.000000e+00 -3.828040e-01 +0.000000e+00 +3.828040e-01 +0.000000e+00 +7.813064e-02 -3.828040e-01 +0.000000e+00 +0.000000e+00 +0.000000e+00 +0.000000e+00 +0.000000e+00 +0.000000e+00 
+0.000000e+00 -7.813064e-02 +0.000000e+00 +7.813064e-02 +7.813064e-02 +0.000000e+00 +7.813064e-02 +2.343919e-01 +0.000000e+00 -7.813064e-02 +0.000000e+00 +7.813064e-02 -7.813064e-02 -2.343919e-01 -7.813064e-02 +0.000000e+00 
+0.000000e+00 +7.813064e-02 +0.000000e+00 -7.813064e-02 -7.813064e-02 +0.000000e+00 +0.000000e+00 +3.828040e-01 +0.000000e+00 +0.000000e+00 +0.000000e+00 +0.000000e+00 +7.813064e-02 -3.828040e-01 +0.000000e+00 +0.000000e+00 
+0.000000e+00 +5.390653e-01 +7.813064e-02 +7.813064e-02 -5.390653e-01 +0.000000e+00 -3.828040e-01 -3.828040e-01 -7.813064e-02 +3.828040e-01 +0.000000e+00 +0.000000e+00 -7.813064e-02 +3.828040e-01 +0.000000e+00 +0.000000e+00 
+0.000000e+00 +0.000000e+00 -7.813064e-02 +3.828040e-01 +0.000000e+00 +0.000000e+00 -7.813064e-02 +3.828040e-01 +7.813064e-02 +7.813064e-02 +0.000000e+00 +5.390653e-01 -3.828040e-01 -3.828040e-01 -5.390653e-01 +0.000000e+00 
+0.000000e+00 +0.000000e+00 +7.813064e-02 -3.828040e-01 +0.000000e+00 +0.000000e+00 +0.000000e+00 +0.000000e+00 -7.813064e-02 +0.000000e+00 +0.000000e+00 +3.828040e-01 +3.828040e-01 +0.000000e+00 -3.828040e-01 +0.000000e+00 
+0.000000e+00 +3.828040e-01 +8.437387e-01 +3.828040e-01 -3.828040e-01 +0.000000e+00 +3.828040e-01 +0.000000e+00 -8.437387e-01 -3.828040e-01 +0.000000e+00 -3.828040e-01 -3.828040e-01 +0.000000e+00 +3.828040e-01 +0.000000e+00 
+0.000000e+00 +7.813064e-02 +7.813064e-02 +5.390653e-01 -7.813064e-02 +0.000000e+00 +0.000000e+00 +3.828040e-01 -7.813064e-02 +0.000000e+00 +0.000000e+00 +3.828040e-01 -5.390653e-01 -3.828040e-01 -3.828040e-01 +0.000000e+00 
