+9.692551e-01 +9.299189e-01 +9.299189e-01 +9.299189e-01 
-5.620996e-01 -5.392875e-01 -5.392875e-01 -5.392875e-01 
-3.884384e-01 -3.726741e-01 -3.726741e-01 -3.726741e-01 
-2.544416e-01 -2.441153e-01 -2.441153e-01 -2.441153e-01 
-1.752844e-01 -1.681707e-01 -1.681707e-01 -1.681707e-01 
+9.299189e-01 +9.692551e-01 +9.299189e-01 +9.299189e-01 
-5.392875e-01 -5.620996e-01 -5.392875e-01 -5.392875e-01 
-3.726741e-01 -3.884384e-01 -3.726741e-01 -3.726741e-01 
-2.441153e-01 -2.544416e-01 -2.441153e-01 -2.441153e-01 
-1.681707e-01 -1.752844e-01 -1.681707e-01 -1.681707e-01 
+4.630691e-01 +4.630691e-01 +5.345823e-01 +4.630691e-01 
+1.581064e-01 +1.581064e-01 +1.825233e-01 +1.581064e-01 
+7.589225e-02 +7.589225e-02 +8.761253e-02 +7.589225e-02 
+4.954693e-02 +4.954693e-02 +5.719862e-02 +4.954693e-02 
+6.898749e-02 +6.898749e-02 +7.964145e-02 +6.898749e-02 
+4.630691e-01 +4.630691e-01 +4.630691e-01 +5.345823e-01 
+1.581064e-01 +1.581064e-01 +1.581064e-01 +1.825233e-01 
+7.589225e-02 +7.589225e-02 +7.589225e-02 +8.761253e-02 
+4.954693e-02 +4.954693e-02 +4.954693e-02 +5.719862e-02 
+6.898749e-02 +6.898749e-02 +6.898749e-02 +7.964145e-02 
+3.611225e-02 -3.611225e-02 -1.570088e-16 -1.943837e-16 
-5.446940e-02 +5.446940e-02 +1.847227e-16 -1.124430e-16 
-2.579499e-02 +2.579499e-02 +4.468810e-16 -2.992113e-17 
-5.446940e-02 +5.446940e-02 +4.244752e-16 +4.099653e-17 
+3.611225e-02 -3.611225e-02 -3.430048e-17 +1.770819e-16 
+2.024733e-02 -2.215660e-16 -7.392002e-02 +3.677040e-16 
+3.289851e-03 -9.969509e-18 -1.201076e-02 +7.321705e-17 
-2.441040e-03 +7.912392e-17 +8.911878e-03 +3.741851e-17 
-4.124611e-03 -1.557988e-16 +1.505835e-02 -1.568821e-17 
+4.010882e-03 +2.960408e-17 -1.464314e-02 +7.938659e-17 
+2.024733e-02 -4.392795e-16 -2.198667e-16 -7.392002e-02 
+3.289851e-03 +1.510769e-16 -8.456995e-18 -1.201076e-02 
-2.441040e-03 +5.476380e-16 +6.701019e-17 +8.911878e-03 
-4.124611e-03 +2.881023e-16 -1.319505e-16 +1.505835e-02 
+4.010882e-03 -3.274857e-16 -2.023027e-16 -1.464314e-02 
+7.233834e-17 +2.024733e-02 -7.392002e-02 +3.008231e-17 
+3.035698e-17 +3.289851e-03 -1.201076e-02 +1.306814e-19 
+2.982883e-17 -2.441040e-03 +8.911878e-03 +3.747387e-17 
+4.331555e-17 -4.124611e-03 +1.505835e-02 +6.398893e-17 
-2.952956e-17 +4.010882e-03 -1.464314e-02 -8.902725e-18 
+1.505605e-16 +2.024733e-02 -2.651309e-18 -7.392002e-02 
-8.298454e-18 +3.289851e-03 +2.785239e-17 -1.201076e-02 
-1.520726e-17 -2.441040e-03 +5.111328e-17 +8.911878e-03 
-7.301156e-17 -4.124611e-03 -2.565638e-16 +1.505835e-02 
-8.510770e-17 +4.010882e-03 -3.856481e-16 -1.464314e-02 
-9.277392e-18 +1.558801e-17 +8.548575e-03 -8.548575e-03 
+1.591574e-17 +2.701275e-18 +1.309329e-03 -1.309329e-03 
-2.433060e-18 -5.052828e-18 +5.623847e-05 -5.623847e-05 
-3.582897e-19 +1.115578e-17 +1.309329e-03 -1.309329e-03 
+1.407261e-17 +2.402823e-18 +8.548575e-03 -8.548575e-03 
-9.804219e-01 -9.348331e-01 -9.377929e-01 -9.377929e-01 
-9.348331e-01 -9.804219e-01 -9.377929e-01 -9.377929e-01 
+8.310835e-01 +7.905348e-01 +7.940155e-01 +7.940155e-01 
+1.635750e-01 +1.776029e-01 +1.670557e-01 +1.670557e-01 
+2.890413e-01 +2.725160e-01 +2.749631e-01 +2.749631e-01 
+2.604761e-02 +3.214717e-02 +2.849472e-02 +2.849472e-02 
+2.580519e-01 +2.278590e-01 +2.379233e-01 +2.379233e-01 
+7.687715e-03 +2.856723e-02 +1.775201e-02 +1.775201e-02 
+1.776029e-01 +1.635750e-01 +1.670557e-01 +1.670557e-01 
+7.905348e-01 +8.310835e-01 +7.940155e-01 +7.940155e-01 
-1.848723e-01 -1.632417e-01 -1.704519e-01 -1.704519e-01 
-1.632417e-01 -1.848723e-01 -1.704519e-01 -1.704519e-01 
-1.376306e-01 -8.843758e-02 -1.106929e-01 -1.106929e-01 
-3.226740e-02 -7.908438e-02 -5.452272e-02 -5.452272e-02 
+3.214717e-02 +2.604761e-02 +2.849472e-02 +2.849472e-02 
+2.725160e-01 +2.890413e-01 +2.749631e-01 +2.749631e-01 
-7.908438e-02 -3.226740e-02 -5.452272e-02 -5.452272e-02 
-8.843758e-02 -1.376306e-01 -1.106929e-01 -1.106929e-01 
+2.856723e-02 +7.687715e-03 +1.775201e-02 +1.775201e-02 
+2.278590e-01 +2.580519e-01 +2.379233e-01 +2.379233e-01 
-4.699694e-01 -4.495350e-01 -4.443551e-01 -4.495350e-01 
-4.481162e-01 -4.495350e-01 -5.241379e-01 -4.495350e-01 
+3.263792e-01 +3.118221e-01 +3.068316e-01 +3.118221e-01 
+6.423841e-02 +6.560533e-02 +8.072740e-02 +6.560533e-02 
+2.733757e-01 +2.600605e-01 +2.516107e-01 +2.600605e-01 
+2.463588e-02 +2.695035e-02 +3.956220e-02 +2.695035e-02 
+1.441666e-01 +1.329213e-01 +1.123939e-01 +1.329213e-01 
+4.294918e-03 +9.917568e-03 +3.197664e-02 +9.917568e-03 
-2.346674e-02 -2.207313e-02 -2.039409e-02 -2.207313e-02 
-1.044537e-01 -1.049136e-01 -1.227948e-01 -1.049136e-01 
+2.232522e-02 +2.058381e-02 +1.740498e-02 +2.058381e-02 
+1.971310e-02 +2.058381e-02 +2.694145e-02 +2.058381e-02 
+2.183688e-02 +1.756286e-02 +4.671356e-03 +1.756286e-02 
+5.119641e-03 +8.650736e-03 +2.287820e-02 +8.650736e-03 
-5.542408e-03 -4.912699e-03 -3.372407e-03 -4.912699e-03 
-4.698375e-02 -4.740565e-02 -5.626695e-02 -4.740565e-02 
+8.831129e-03 +6.088398e-03 -2.984659e-03 +6.088398e-03 
+9.875574e-03 +1.236076e-02 +2.334273e-02 +1.236076e-02 
-8.026968e-03 -4.988052e-03 +5.336261e-03 -4.988052e-03 
-6.402502e-02 -6.685294e-02 -8.750156e-02 -6.685294e-02 
-4.699694e-01 -4.495350e-01 -4.495350e-01 -4.443551e-01 
-4.481162e-01 -4.495350e-01 -4.495350e-01 -5.241379e-01 
+3.263792e-01 +3.118221e-01 +3.118221e-01 +3.068316e-01 
+6.423841e-02 +6.560533e-02 +6.560533e-02 +8.072740e-02 
+2.733757e-01 +2.600605e-01 +2.600605e-01 +2.516107e-01 
+2.463588e-02 +2.695035e-02 +2.695035e-02 +3.956220e-02 
+1.441666e-01 +1.329213e-01 +1.329213e-01 +1.123939e-01 
+4.294918e-03 +9.917568e-03 +9.917568e-03 +3.197664e-02 
-2.346674e-02 -2.207313e-02 -2.207313e-02 -2.039409e-02 
-1.044537e-01 -1.049136e-01 -1.049136e-01 -1.227948e-01 
+2.232522e-02 +2.058381e-02 +2.058381e-02 +1.740498e-02 
+1.971310e-02 +2.058381e-02 +2.058381e-02 +2.694145e-02 
+2.183688e-02 +1.756286e-02 +1.756286e-02 +4.671356e-03 
+5.119641e-03 +8.650736e-03 +8.650736e-03 +2.287820e-02 
-5.542408e-03 -4.912699e-03 -4.912699e-03 -3.372407e-03 
-4.698375e-02 -4.740565e-02 -4.740565e-02 -5.626695e-02 
+8.831129e-03 +6.088398e-03 +6.088398e-03 -2.984659e-03 
+9.875574e-03 +1.236076e-02 +1.236076e-02 +2.334273e-02 
-8.026968e-03 -4.988052e-03 -4.988052e-03 +5.336261e-03 
-6.402502e-02 -6.685294e-02 -6.685294e-02 -8.750156e-02 
-4.495350e-01 -4.699694e-01 -4.443551e-01 -4.495350e-01 
-4.495350e-01 -4.481162e-01 -5.241379e-01 -4.495350e-01 
+3.118221e-01 +3.263792e-01 +3.068316e-01 +3.118221e-01 
+6.560533e-02 +6.423841e-02 +8.072740e-02 +6.560533e-02 
+2.600605e-01 +2.733757e-01 +2.516107e-01 +2.600605e-01 
+2.695035e-02 +2.463588e-02 +3.956220e-02 +2.695035e-02 
+1.329213e-01 +1.441666e-01 +1.123939e-01 +1.329213e-01 
+9.917568e-03 +4.294918e-03 +3.197664e-02 +9.917568e-03 
-2.207313e-02 -2.346674e-02 -2.039409e-02 -2.207313e-02 
-1.049136e-01 -1.044537e-01 -1.227948e-01 -1.049136e-01 
+2.058381e-02 +2.232522e-02 +1.740498e-02 +2.058381e-02 
+2.058381e-02 +1.971310e-02 +2.694145e-02 +2.058381e-02 
+1.756286e-02 +2.183688e-02 +4.671356e-03 +1.756286e-02 
+8.650736e-03 +5.119641e-03 +2.287820e-02 +8.650736e-03 
-4.912699e-03 -5.542408e-03 -3.372407e-03 -4.912699e-03 
-4.740565e-02 -4.698375e-02 -5.626695e-02 -4.740565e-02 
+6.088398e-03 +8.831129e-03 -2.984659e-03 +6.088398e-03 
+1.236076e-02 +9.875574e-03 +2.334273e-02 +1.236076e-02 
-4.988052e-03 -8.026968e-03 +5.336261e-03 -4.988052e-03 
-6.685294e-02 -6.402502e-02 -8.750156e-02 -6.685294e-02 
-4.495350e-01 -4.699694e-01 -4.495350e-01 -4.443551e-01 
-4.495350e-01 -4.481162e-01 -4.495350e-01 -5.241379e-01 
+3.118221e-01 +3.263792e-01 +3.118221e-01 +3.068316e-01 
+6.560533e-02 +6.423841e-02 +6.560533e-02 +8.072740e-02 
+2.600605e-01 +2.733757e-01 +2.600605e-01 +2.516107e-01 
+2.695035e-02 +2.463588e-02 +2.695035e-02 +3.956220e-02 
+1.329213e-01 +1.441666e-01 +1.329213e-01 +1.123939e-01 
+9.917568e-03 +4.294918e-03 +9.917568e-03 +3.197664e-02 
-2.207313e-02 -2.346674e-02 -2.207313e-02 -2.039409e-02 
-1.049136e-01 -1.044537e-01 -1.049136e-01 -1.227948e-01 
+2.058381e-02 +2.232522e-02 +2.058381e-02 +1.740498e-02 
+2.058381e-02 +1.971310e-02 +2.058381e-02 +2.694145e-02 
+1.756286e-02 +2.183688e-02 +1.756286e-02 +4.671356e-03 
+8.650736e-03 +5.119641e-03 +8.650736e-03 +2.287820e-02 
-4.912699e-03 -5.542408e-03 -4.912699e-03 -3.372407e-03 
-4.740565e-02 -4.698375e-02 -4.740565e-02 -5.626695e-02 
+6.088398e-03 +8.831129e-03 +6.088398e-03 -2.984659e-03 
+1.236076e-02 +9.875574e-03 +1.236076e-02 +2.334273e-02 
-4.988052e-03 -8.026968e-03 -4.988052e-03 +5.336261e-03 
-6.685294e-02 -6.402502e-02 -6.685294e-02 -8.750156e-02 
-2.124852e-01 -2.124852e-01 -2.477484e-01 -2.100368e-01 
-2.124852e-01 -2.124852e-01 -2.100368e-01 -2.477484e-01 
-8.574955e-02 -8.574955e-02 -1.003645e-01 -8.437720e-02 
-1.804115e-02 -1.804115e-02 -1.666880e-02 -2.219964e-02 
-4.696951e-02 -4.696951e-02 -5.574928e-02 -4.544339e-02 
-4.867501e-03 -4.867501e-03 -3.341380e-03 -7.145326e-03 
-4.337673e-02 -4.337673e-02 -5.677434e-02 -3.667792e-02 
-3.236438e-03 -3.236438e-03 +3.462369e-03 -1.043506e-02 
-1.804115e-02 -1.804115e-02 -2.219964e-02 -1.666880e-02 
-8.574955e-02 -8.574955e-02 -8.437720e-02 -1.003645e-01 
-6.020492e-03 -6.020492e-03 -7.880020e-03 -5.090728e-03 
-6.020492e-03 -6.020492e-03 -5.090728e-03 -7.880020e-03 
-4.015105e-03 -4.015105e-03 -7.582342e-03 -1.067934e-03 
-1.977674e-03 -1.977674e-03 +9.694970e-04 -5.230263e-03 
-4.867501e-03 -4.867501e-03 -7.145326e-03 -3.341380e-03 
-4.696951e-02 -4.696951e-02 -4.544339e-02 -5.574928e-02 
-1.977674e-03 -1.977674e-03 -5.230263e-03 +9.694970e-04 
-4.015105e-03 -4.015105e-03 -1.067934e-03 -7.582342e-03 
-3.236438e-03 -3.236438e-03 -1.043506e-02 +3.462369e-03 
-4.337673e-02 -4.337673e-02 -3.667792e-02 -5.677434e-02 
-2.702042e-02 +2.903647e-02 -7.360323e-03 +1.600920e-16 
-2.702042e-02 -2.016056e-03 +1.060079e-01 -3.624369e-16 
+6.558369e-02 -7.238020e-02 +2.481305e-02 -9.050243e-18 
+1.379838e-02 +6.796509e-03 -7.518891e-02 +2.801107e-17 
+6.558369e-02 -7.938208e-02 +5.037586e-02 -1.602127e-16 
+6.796509e-03 +1.379838e-02 -7.518891e-02 +1.207625e-16 
-2.702042e-02 +5.404084e-02 -9.864757e-02 +1.470277e-16 
-2.016056e-03 -2.702042e-02 +1.060079e-01 -1.111930e-16 
+3.837721e-04 -5.728023e-04 +6.901213e-04 +5.957523e-17 
+1.824068e-03 +1.890302e-04 -7.349526e-03 -3.747592e-17 
-2.634119e-03 +5.268237e-03 -9.616779e-03 -7.478767e-18 
-2.634119e-03 -2.634119e-03 +1.923356e-02 +5.848732e-17 
+3.837721e-04 -2.207840e-03 +6.659404e-03 -2.311186e-17 
+1.890302e-04 +1.824068e-03 -7.349526e-03 +1.428654e-17 
+8.994372e-04 -2.725489e-03 +6.666646e-03 +3.811793e-18 
+8.679222e-03 +1.826052e-03 -3.835321e-02 -1.295945e-16 
+8.994372e-04 -9.578659e-03 +3.168656e-02 +6.801992e-17 
+1.826052e-03 +8.679222e-03 -3.835321e-02 -7.821297e-17 
-4.464285e-04 +6.429738e-03 -2.184418e-02 -6.949457e-18 
-5.983309e-03 -5.983309e-03 +4.368836e-02 +8.149464e-18 
-2.702042e-02 +2.903647e-02 +1.621341e-16 -7.360323e-03 
-2.702042e-02 -2.016056e-03 -8.619054e-17 +1.060079e-01 
+6.558369e-02 -7.238020e-02 -5.969572e-19 +2.481305e-02 
+1.379838e-02 +6.796509e-03 -7.729844e-17 -7.518891e-02 
+6.558369e-02 -7.938208e-02 +2.418176e-17 +5.037586e-02 
+6.796509e-03 +1.379838e-02 -2.698852e-17 -7.518891e-02 
-2.702042e-02 +5.404084e-02 +1.477318e-16 -9.864757e-02 
-2.016056e-03 -2.702042e-02 -8.060964e-17 +1.060079e-01 
+3.837721e-04 -5.728023e-04 +1.642850e-17 +6.901213e-04 
+1.824068e-03 +1.890302e-04 +9.111700e-18 -7.349526e-03 
-2.634119e-03 +5.268237e-03 -3.783560e-18 -9.616779e-03 
-2.634119e-03 -2.634119e-03 -7.354040e-18 +1.923356e-02 
+3.837721e-04 -2.207840e-03 +6.472202e-17 +6.659404e-03 
+1.890302e-04 +1.824068e-03 -5.929436e-17 -7.349526e-03 
+8.994372e-04 -2.725489e-03 -8.631378e-17 +6.666646e-03 
+8.679222e-03 +1.826052e-03 +1.729533e-16 -3.835321e-02 
+8.994372e-04 -9.578659e-03 -1.803262e-16 +3.168656e-02 
+1.826052e-03 +8.679222e-03 +2.218085e-16 -3.835321e-02 
-4.464285e-04 +6.429738e-03 -2.649767e-16 -2.184418e-02 
-5.983309e-03 -5.983309e-03 +6.110177e-16 +4.368836e-02 
-1.620459e-02 -1.577279e-16 +6.357468e-02 -4.414107e-03 
-1.620459e-02 -1.342128e-17 -4.414107e-03 +6.357468e-02 
+6.661042e-04 +7.072645e-18 -2.683863e-03 +2.520151e-04 
+1.401440e-04 +2.482151e-17 +2.520151e-04 -7.636601e-04 
+4.280127e-03 +3.923286e-17 -1.891374e-02 +3.287632e-03 
+4.435542e-04 -1.449753e-18 +3.287632e-03 -4.906983e-03 
-3.400346e-03 -1.856150e-16 +2.482833e-02 -1.241416e-02 
-2.537077e-04 -1.301056e-17 -1.241416e-02 +1.334041e-02 
+1.401440e-04 -4.425504e-17 -7.636601e-04 +2.520151e-04 
+6.661042e-04 -1.761939e-16 +2.520151e-04 -2.683863e-03 
+7.509288e-04 -6.639528e-18 -5.483061e-03 +2.741530e-03 
+7.509288e-04 +1.298636e-18 +2.741530e-03 -5.483061e-03 
-5.438113e-05 -1.887482e-17 +1.142186e-03 -9.436485e-04 
-2.678588e-05 -1.487901e-17 -9.436485e-04 +1.041440e-03 
+4.435542e-04 -1.689888e-17 -4.906983e-03 +3.287632e-03 
+4.280127e-03 -2.787101e-16 +3.287632e-03 -1.891374e-02 
-2.678588e-05 +1.247728e-17 +1.041440e-03 -9.436485e-04 
-5.438113e-05 +1.837362e-17 -9.436485e-04 +1.142186e-03 
-2.537077e-04 +5.666579e-18 +1.334041e-02 -1.241416e-02 
-3.400346e-03 +1.918265e-16 -1.241416e-02 +2.482833e-02 
-4.991129e-17 -1.620459e-02 +6.357468e-02 -4.414107e-03 
-6.214599e-17 -1.620459e-02 -4.414107e-03 +6.357468e-02 
-3.925661e-17 +6.661042e-04 -2.683863e-03 +2.520151e-04 
-1.717818e-17 +1.401440e-04 +2.520151e-04 -7.636601e-04 
-2.255607e-17 +4.280127e-03 -1.891374e-02 +3.287632e-03 
-7.525194e-18 +4.435542e-04 +3.287632e-03 -4.906983e-03 
-7.030210e-18 -3.400346e-03 +2.482833e-02 -1.241416e-02 
+2.709301e-17 -2.537077e-04 -1.241416e-02 +1.334041e-02 
+6.387939e-18 +1.401440e-04 -7.636601e-04 +2.520151e-04 
+8.985301e-17 +6.661042e-04 +2.520151e-04 -2.683863e-03 
-4.012349e-18 +7.509288e-04 -5.483061e-03 +2.741530e-03 
-3.723021e-18 +7.509288e-04 +2.741530e-03 -5.483061e-03 
+3.928215e-18 -5.438113e-05 +1.142186e-03 -9.436485e-04 
-8.197169e-18 -2.678588e-05 -9.436485e-04 +1.041440e-03 
-1.432922e-17 +4.435542e-04 -4.906983e-03 +3.287632e-03 
+1.089662e-17 +4.280127e-03 +3.287632e-03 -1.891374e-02 
+1.030487e-17 -2.678588e-05 +1.041440e-03 -9.436485e-04 
-1.116459e-17 -5.438113e-05 -9.436485e-04 +1.142186e-03 
+3.309122e-17 -2.537077e-04 +1.334041e-02 -1.241416e-02 
+4.647867e-17 -3.400346e-03 -1.241416e-02 +2.482833e-02 
+4.803927e-01 +4.537422e-01 +4.472448e-01 +4.561933e-01 
+4.537422e-01 +4.803927e-01 +4.472448e-01 +4.561933e-01 
+4.537422e-01 +4.537422e-01 +5.445417e-01 +4.561933e-01 
-5.511496e-01 -5.143301e-01 -5.012052e-01 -5.192813e-01 
-1.120965e-01 -1.280661e-01 -1.129733e-01 -1.170477e-01 
-1.120965e-01 -1.159317e-01 -1.572742e-01 -1.170477e-01 
-2.211519e-01 -1.879463e-01 -1.659405e-01 -1.962477e-01 
-1.662533e-02 -3.533695e-02 -2.107721e-02 -2.492672e-02 
-1.662533e-02 -2.387231e-02 -6.293291e-02 -2.492672e-02 
-1.280661e-01 -1.120965e-01 -1.129733e-01 -1.170477e-01 
-5.143301e-01 -5.511496e-01 -5.012052e-01 -5.192813e-01 
-1.159317e-01 -1.120965e-01 -1.572742e-01 -1.170477e-01 
+3.724515e-01 +2.378077e-01 +2.475365e-01 +2.927463e-01 
+2.378077e-01 +3.724515e-01 +2.475365e-01 +2.927463e-01 
+5.360265e-02 +5.360265e-02 +1.665959e-01 +6.598598e-02 
-3.533695e-02 -1.662533e-02 -2.107721e-02 -2.492672e-02 
-1.879463e-01 -2.211519e-01 -1.659405e-01 -1.962477e-01 
-2.387231e-02 -1.662533e-02 -6.293291e-02 -2.492672e-02 
+8.893391e-03 +8.050732e-03 +6.872963e-03 +8.128232e-03 
+8.050732e-03 +8.893391e-03 +6.872963e-03 +8.128232e-03 
+3.571701e-02 +3.571701e-02 +4.414036e-02 +3.606084e-02 
-2.282957e-02 -1.718496e-02 -5.649820e-03 -1.794400e-02 
-3.285596e-03 -5.733812e-03 -1.273488e-03 -4.044638e-03 
-1.457652e-02 -1.718496e-02 -3.578049e-02 -1.794400e-02 
-5.733812e-03 -3.285596e-03 -1.273488e-03 -4.044638e-03 
-1.718496e-02 -2.282957e-02 -5.649820e-03 -1.794400e-02 
-1.718496e-02 -1.457652e-02 -3.578049e-02 -1.794400e-02 
+1.162942e-02 +7.856399e-03 -1.770706e-03 +8.203408e-03 
+7.856399e-03 +1.162942e-02 -1.770706e-03 +8.203408e-03 
+6.185330e-02 +6.185330e-02 +9.450764e-02 +6.458530e-02 
+4.537422e-01 +4.803927e-01 +4.561933e-01 +4.472448e-01 
+4.803927e-01 +4.537422e-01 +4.561933e-01 +4.472448e-01 
+4.537422e-01 +4.537422e-01 +4.561933e-01 +5.445417e-01 
-5.143301e-01 -5.511496e-01 -5.192813e-01 -5.012052e-01 
-1.280661e-01 -1.120965e-01 -1.170477e-01 -1.129733e-01 
-1.159317e-01 -1.120965e-01 -1.170477e-01 -1.572742e-01 
-1.879463e-01 -2.211519e-01 -1.962477e-01 -1.659405e-01 
-3.533695e-02 -1.662533e-02 -2.492672e-02 -2.107721e-02 
-2.387231e-02 -1.662533e-02 -2.492672e-02 -6.293291e-02 
-1.120965e-01 -1.280661e-01 -1.170477e-01 -1.129733e-01 
-5.511496e-01 -5.143301e-01 -5.192813e-01 -5.012052e-01 
-1.120965e-01 -1.159317e-01 -1.170477e-01 -1.572742e-01 
+2.378077e-01 +3.724515e-01 +2.927463e-01 +2.475365e-01 
+3.724515e-01 +2.378077e-01 +2.927463e-01 +2.475365e-01 
+5.360265e-02 +5.360265e-02 +6.598598e-02 +1.665959e-01 
-1.662533e-02 -3.533695e-02 -2.492672e-02 -2.107721e-02 
-2.211519e-01 -1.879463e-01 -1.962477e-01 -1.659405e-01 
-1.662533e-02 -2.387231e-02 -2.492672e-02 -6.293291e-02 
+8.050732e-03 +8.893391e-03 +8.128232e-03 +6.872963e-03 
+8.893391e-03 +8.050732e-03 +8.128232e-03 +6.872963e-03 
+3.571701e-02 +3.571701e-02 +3.606084e-02 +4.414036e-02 
-1.718496e-02 -2.282957e-02 -1.794400e-02 -5.649820e-03 
-5.733812e-03 -3.285596e-03 -4.044638e-03 -1.273488e-03 
-1.718496e-02 -1.457652e-02 -1.794400e-02 -3.578049e-02 
-3.285596e-03 -5.733812e-03 -4.044638e-03 -1.273488e-03 
-2.282957e-02 -1.718496e-02 -1.794400e-02 -5.649820e-03 
-1.457652e-02 -1.718496e-02 -1.794400e-02 -3.578049e-02 
+7.856399e-03 +1.162942e-02 +8.203408e-03 -1.770706e-03 
+1.162942e-02 +7.856399e-03 +8.203408e-03 -1.770706e-03 
+6.185330e-02 +6.185330e-02 +6.458530e-02 +9.450764e-02 
+2.205119e-01 +2.094038e-01 +2.052962e-01 +2.052962e-01 
+2.082787e-01 +2.094038e-01 +2.499578e-01 +2.052962e-01 
+2.082787e-01 +2.094038e-01 +2.052962e-01 +2.499578e-01 
-2.181857e-01 -2.055699e-01 -1.984141e-01 -1.984141e-01 
-4.437610e-02 -4.633614e-02 -6.226077e-02 -4.472319e-02 
-4.437610e-02 -4.633614e-02 -4.472319e-02 -6.226077e-02 
-2.238654e-01 -1.986557e-01 -1.679767e-01 -1.679767e-01 
-1.682933e-02 -2.523258e-02 -6.370511e-02 -2.133583e-02 
-1.682933e-02 -2.523258e-02 -2.133583e-02 -6.370511e-02 
+1.542532e-02 +1.409817e-02 +1.192095e-02 +1.360742e-02 
+6.195007e-02 +6.254643e-02 +7.656013e-02 +6.036920e-02 
+1.396375e-02 +1.409817e-02 +1.192095e-02 +1.894338e-02 
-3.502717e-02 -2.753130e-02 -8.668461e-03 -2.327955e-02 
-2.236461e-02 -2.753130e-02 -5.489763e-02 -2.327955e-02 
-5.041057e-03 -6.205647e-03 -1.953900e-03 -1.566750e-02 
+8.404148e-03 +5.928296e-03 -1.279623e-03 +5.012771e-03 
+4.469907e-02 +4.667338e-02 +6.829714e-02 +3.946546e-02 
+5.677526e-03 +5.928296e-03 -1.279623e-03 +1.496727e-02 
+1.542532e-02 +1.409817e-02 +1.360742e-02 +1.192095e-02 
+1.396375e-02 +1.409817e-02 +1.894338e-02 +1.192095e-02 
+6.195007e-02 +6.254643e-02 +6.036920e-02 +7.656013e-02 
-3.502717e-02 -2.753130e-02 -2.327955e-02 -8.668461e-03 
-5.041057e-03 -6.205647e-03 -1.566750e-02 -1.953900e-03 
-2.236461e-02 -2.753130e-02 -2.327955e-02 -5.489763e-02 
+1.287931e-03 +9.085080e-04 +2.860514e-04 +2.860514e-04 
+3.860092e-03 +4.030588e-03 +8.037026e-03 +1.269065e-03 
+3.860092e-03 +4.030588e-03 +1.269065e-03 +8.037026e-03 
+8.404148e-03 +5.928296e-03 +5.012771e-03 -1.279623e-03 
+5.677526e-03 +5.928296e-03 +1.496727e-02 -1.279623e-03 
+4.469907e-02 +4.667338e-02 +3.946546e-02 +6.829714e-02 
+2.094038e-01 +2.082787e-01 +2.499578e-01 +2.052962e-01 
+2.094038e-01 +2.205119e-01 +2.052962e-01 +2.052962e-01 
+2.094038e-01 +2.082787e-01 +2.052962e-01 +2.499578e-01 
+6.254643e-02 +6.195007e-02 +7.656013e-02 +6.036920e-02 
+1.409817e-02 +1.542532e-02 +1.192095e-02 +1.360742e-02 
+1.409817e-02 +1.396375e-02 +1.192095e-02 +1.894338e-02 
+4.667338e-02 +4.469907e-02 +6.829714e-02 +3.946546e-02 
+5.928296e-03 +8.404148e-03 -1.279623e-03 +5.012771e-03 
+5.928296e-03 +5.677526e-03 -1.279623e-03 +1.496727e-02 
-4.633614e-02 -4.437610e-02 -6.226077e-02 -4.472319e-02 
-2.055699e-01 -2.181857e-01 -1.984141e-01 -1.984141e-01 
-4.633614e-02 -4.437610e-02 -4.472319e-02 -6.226077e-02 
-2.753130e-02 -2.236461e-02 -5.489763e-02 -2.327955e-02 
-2.753130e-02 -3.502717e-02 -8.668461e-03 -2.327955e-02 
-6.205647e-03 -5.041057e-03 -1.953900e-03 -1.566750e-02 
-2.523258e-02 -1.682933e-02 -6.370511e-02 -2.133583e-02 
-1.986557e-01 -2.238654e-01 -1.679767e-01 -1.679767e-01 
-2.523258e-02 -1.682933e-02 -2.133583e-02 -6.370511e-02 
+1.409817e-02 +1.396375e-02 +1.894338e-02 +1.192095e-02 
+1.409817e-02 +1.542532e-02 +1.360742e-02 +1.192095e-02 
+6.254643e-02 +6.195007e-02 +6.036920e-02 +7.656013e-02 
+4.030588e-03 +3.860092e-03 +8.037026e-03 +1.269065e-03 
+9.085080e-04 +1.287931e-03 +2.860514e-04 +2.860514e-04 
+4.030588e-03 +3.860092e-03 +1.269065e-03 +8.037026e-03 
-6.205647e-03 -5.041057e-03 -1.566750e-02 -1.953900e-03 
-2.753130e-02 -3.502717e-02 -2.327955e-02 -8.668461e-03 
-2.753130e-02 -2.236461e-02 -2.327955e-02 -5.489763e-02 
+5.928296e-03 +5.677526e-03 +1.496727e-02 -1.279623e-03 
+5.928296e-03 +8.404148e-03 +5.012771e-03 -1.279623e-03 
+4.667338e-02 +4.469907e-02 +3.946546e-02 +6.829714e-02 
+2.162360e-02 -2.711671e-02 +1.002727e-02 +1.002727e-02 
+2.162360e-02 +2.746557e-03 -9.899911e-02 +1.002727e-02 
+2.162360e-02 +2.746557e-03 +1.002727e-02 -9.899911e-02 
-4.285291e-01 +6.217129e-01 -3.526428e-01 -3.526428e-01 
-9.659189e-02 -9.659189e-02 +7.847724e-01 -7.948685e-02 
-9.659189e-02 -9.659189e-02 -7.948685e-02 +7.847724e-01 
+2.162360e-02 -6.487079e-02 +7.894456e-02 +7.894456e-02 
+2.746557e-03 +2.162360e-02 -9.899911e-02 +1.002727e-02 
+2.746557e-03 +2.162360e-02 +1.002727e-02 -9.899911e-02 
-3.150624e-03 +7.011408e-03 -1.150246e-02 -2.592693e-03 
-1.397772e-02 -3.150624e-03 +7.403550e-02 -1.150246e-02 
-3.150624e-03 -7.101610e-04 -1.150246e-02 +2.559762e-02 
-3.150624e-03 +2.027896e-02 -5.103058e-02 -1.150246e-02 
-3.150624e-03 -1.397772e-02 +7.403550e-02 -1.150246e-02 
-7.101610e-04 -3.150624e-03 -1.150246e-02 +2.559762e-02 
+7.169814e-04 -7.078745e-03 +2.060827e-02 +2.617593e-03 
+5.644782e-03 +5.644782e-03 -6.182481e-02 +2.060827e-02 
+7.169814e-04 +7.169814e-04 +2.060827e-02 -2.584346e-02 
-3.150624e-03 +7.011408e-03 -2.592693e-03 -1.150246e-02 
-3.150624e-03 -7.101610e-04 +2.559762e-02 -1.150246e-02 
-1.397772e-02 -3.150624e-03 -1.150246e-02 +7.403550e-02 
-3.150624e-03 +2.027896e-02 -1.150246e-02 -5.103058e-02 
-7.101610e-04 -3.150624e-03 +2.559762e-02 -1.150246e-02 
-3.150624e-03 -1.397772e-02 -1.150246e-02 +7.403550e-02 
-5.059140e-05 +4.994881e-04 -8.194278e-04 -8.194278e-04 
-2.244483e-04 -2.244483e-04 +5.274240e-03 -3.635385e-03 
-2.244483e-04 -2.244483e-04 -3.635385e-03 +5.274240e-03 
+7.169814e-04 -7.078745e-03 +2.617593e-03 +2.060827e-02 
+7.169814e-04 +7.169814e-04 -2.584346e-02 +2.060827e-02 
+5.644782e-03 +5.644782e-03 +2.060827e-02 -6.182481e-02 
-2.652392e-01 -2.436420e-01 -2.362377e-01 -2.362377e-01 
-2.436420e-01 -2.652392e-01 -2.362377e-01 -2.362377e-01 
-2.436420e-01 -2.436420e-01 -3.150857e-01 -2.362377e-01 
-2.436420e-01 -2.436420e-01 -2.362377e-01 -3.150857e-01 
+6.546742e-01 +5.362468e-01 +4.734602e-01 +4.734602e-01 
+1.263479e-01 +1.927584e-01 +1.268633e-01 +1.268633e-01 
+1.263479e-01 +1.436869e-01 +3.060160e-01 +1.268633e-01 
+1.263479e-01 +1.436869e-01 +1.268633e-01 +3.060160e-01 
+1.927584e-01 +1.263479e-01 +1.268633e-01 +1.268633e-01 
+5.362468e-01 +6.546742e-01 +4.734602e-01 +4.734602e-01 
+1.436869e-01 +1.263479e-01 +3.060160e-01 +1.268633e-01 
+1.436869e-01 +1.263479e-01 +1.268633e-01 +3.060160e-01 
-1.770320e-02 -1.319641e-02 -5.837558e-03 -1.165130e-02 
-1.319641e-02 -1.770320e-02 -5.837558e-03 -1.165130e-02 
-4.924968e-02 -4.924968e-02 -8.319188e-02 -4.348326e-02 
-1.319641e-02 -1.319641e-02 -5.837558e-03 -2.810494e-02 
-1.770320e-02 -1.319641e-02 -1.165130e-02 -5.837558e-03 
-1.319641e-02 -1.770320e-02 -1.165130e-02 -5.837558e-03 
-1.319641e-02 -1.319641e-02 -2.810494e-02 -5.837558e-03 
-4.924968e-02 -4.924968e-02 -4.348326e-02 -8.319188e-02 
