FiniteElementSpace
FiniteElementCollection: ND_4D_P1
VDim: 1
Ordering: 0

-0.24887003999999999
0.75
-0.75
0
0.75
-0.375
-0.78289953999999995
-0.82032983999999998
0.75
0.34865459999999998
-0.75
0.054959599999999997
0.15706392199999999
-0.101365076
-0.375
0.75
-0.75
-5.5511152000000006e-17
-0.375
0.070437122000000005
-0.23861528000000001
-4.9960036000000001e-16
-0.75
0.13726390999999999
0.17516406000000001
-0.75
-0.23527976
-0.40899651999999997
0
-0.75
-0.75
-0.75
-5.5511152000000006e-17
0.75
0.375
0.75
0.75
0.375
-0.75
0.75
-0.75
-0.75
0.375
0
0.75
-0.75
0.375
0.375
0.75
0.375
0.75
-0.75
0.75
0.75
0.75
-0.75
-0.75
-0.75
0.75
0.75
0.75
0.75
-0.75
-0.75
0.75
-0.75
0.75
4.4408919999999998e-16
0.75
-0.75
0.75
0.75
0.37691360000000002
4.4408919999999998e-16
-0.75
-0.75
-0.75
-0.75
-4.4408919999999998e-16
-0.375
-0.375
0.75
4.4408919999999998e-16
-0.75
0.75
0.75
-0.75
0.75
-0.75
-0.75
-0.75
0.75
0
0.75
-0.75
0.75
-0.75
-0.75
0.75
-0.375
-0.75
-0.75
0.75
-0.75
-0.75
-0.75
0.75
-0.75
0.75
-0.75
