+1.000000e+00 +1.000000e+00 +1.000000e+00 +1.000000e+00 +1.000000e+00 +1.000000e+00 +2.922975e-01 +9.794821e-01 -2.717796e-01 +9.794821e-01 -2.717796e-01 -2.717796e-01 -0.000000e+00 -0.000000e+00 +0.000000e+00 -0.000000e+00 +0.000000e+00 +0.000000e+00 -0.000000e+00 -0.000000e+00 +0.000000e+00 -0.000000e+00 +0.000000e+00 +0.000000e+00 +9.763507e-01 -0.000000e+00 -0.000000e+00 +1.182463e-02 -0.000000e+00 -0.000000e+00 +1.182463e-02 -0.000000e+00 -0.000000e+00 +1.182463e-02 -0.000000e+00 -0.000000e+00 
+1.000000e+00 +1.000000e+00 +1.000000e+00 +1.000000e+00 +1.000000e+00 +1.000000e+00 -0.000000e+00 -0.000000e+00 +0.000000e+00 -0.000000e+00 +0.000000e+00 +0.000000e+00 +2.922975e-01 +9.794821e-01 -2.717796e-01 +9.794821e-01 -2.717796e-01 -2.717796e-01 -0.000000e+00 -0.000000e+00 +0.000000e+00 -0.000000e+00 +0.000000e+00 +0.000000e+00 -0.000000e+00 +9.763507e-01 -0.000000e+00 -0.000000e+00 +1.182463e-02 -0.000000e+00 -0.000000e+00 +1.182463e-02 -0.000000e+00 -0.000000e+00 +1.182463e-02 -0.000000e+00 
+1.000000e+00 +1.000000e+00 +1.000000e+00 +1.000000e+00 +1.000000e+00 +1.000000e+00 -0.000000e+00 -0.000000e+00 +0.000000e+00 -0.000000e+00 +0.000000e+00 +0.000000e+00 -0.000000e+00 -0.000000e+00 +0.000000e+00 -0.000000e+00 +0.000000e+00 +0.000000e+00 +2.922975e-01 +9.794821e-01 -2.717796e-01 +9.794821e-01 -2.717796e-01 -2.717796e-01 -0.000000e+00 -0.000000e+00 +9.763507e-01 -0.000000e+00 -0.000000e+00 +1.182463e-02 -0.000000e+00 -0.000000e+00 +1.182463e-02 -0.000000e+00 -0.000000e+00 +1.182463e-02 
-5.948540e-01 +1.012865e-01 +7.974270e-01 +1.012865e-01 +7.974270e-01 +7.974270e-01 +5.948540e-01 -1.012865e-01 -7.974270e-01 -1.012865e-01 -7.974270e-01 -7.974270e-01 -0.000000e+00 +0.000000e+00 -0.000000e+00 +0.000000e+00 +0.000000e+00 +0.000000e+00 -0.000000e+00 +0.000000e+00 +0.000000e+00 +0.000000e+00 +0.000000e+00 -0.000000e+00 +7.643563e-02 -0.000000e+00 -0.000000e+00 +7.643563e-02 -0.000000e+00 -0.000000e+00 -4.940877e-01 +0.000000e+00 +0.000000e+00 -4.940877e-01 +0.000000e+00 +0.000000e+00 
-5.948540e-01 +1.012865e-01 +7.974270e-01 +1.012865e-01 +7.974270e-01 +7.974270e-01 -0.000000e+00 +0.000000e+00 +0.000000e+00 +0.000000e+00 +0.000000e+00 +0.000000e+00 +4.743526e-01 -1.025896e-02 +4.743526e-01 -8.076859e-02 -8.076859e-02 -6.358898e-01 -0.000000e+00 +0.000000e+00 +0.000000e+00 +0.000000e+00 +0.000000e+00 -0.000000e+00 -0.000000e+00 +7.643563e-02 -0.000000e+00 -0.000000e+00 +7.643563e-02 -0.000000e+00 +0.000000e+00 -4.940877e-01 +0.000000e+00 +0.000000e+00 -4.940877e-01 +0.000000e+00 
-5.948540e-01 +1.012865e-01 +7.974270e-01 +1.012865e-01 +7.974270e-01 +7.974270e-01 -0.000000e+00 +0.000000e+00 +0.000000e+00 +0.000000e+00 +0.000000e+00 +0.000000e+00 -0.000000e+00 +0.000000e+00 -0.000000e+00 +0.000000e+00 +0.000000e+00 +0.000000e+00 +4.743526e-01 -8.076859e-02 -6.358898e-01 -1.025896e-02 -8.076859e-02 +4.743526e-01 -0.000000e+00 -0.000000e+00 +7.643563e-02 -0.000000e+00 -0.000000e+00 +7.643563e-02 +0.000000e+00 +0.000000e+00 -4.940877e-01 +0.000000e+00 +0.000000e+00 -4.940877e-01 
-2.922975e-01 -9.794821e-01 +2.717796e-01 -9.794821e-01 +2.717796e-01 +2.717796e-01 -1.000000e+00 -1.000000e+00 -1.000000e+00 -1.000000e+00 -1.000000e+00 -1.000000e+00 +0.000000e+00 -0.000000e+00 -0.000000e+00 +0.000000e+00 -0.000000e+00 +0.000000e+00 +0.000000e+00 +0.000000e+00 +0.000000e+00 -0.000000e+00 -0.000000e+00 -0.000000e+00 +1.182463e-02 -0.000000e+00 -0.000000e+00 +9.763507e-01 -0.000000e+00 -0.000000e+00 +1.182463e-02 -0.000000e+00 -0.000000e+00 +1.182463e-02 -0.000000e+00 -0.000000e+00 
-2.922975e-01 -9.794821e-01 +2.717796e-01 -9.794821e-01 +2.717796e-01 +2.717796e-01 +0.000000e+00 +0.000000e+00 +0.000000e+00 +0.000000e+00 +0.000000e+00 +0.000000e+00 -2.717796e-01 +9.794821e-01 +2.922975e-01 -2.717796e-01 +9.794821e-01 -2.717796e-01 +0.000000e+00 +0.000000e+00 +0.000000e+00 -0.000000e+00 -0.000000e+00 -0.000000e+00 -0.000000e+00 +1.182463e-02 -0.000000e+00 -0.000000e+00 +9.763507e-01 -0.000000e+00 -0.000000e+00 +1.182463e-02 -0.000000e+00 -0.000000e+00 +1.182463e-02 -0.000000e+00 
-2.922975e-01 -9.794821e-01 +2.717796e-01 -9.794821e-01 +2.717796e-01 +2.717796e-01 +0.000000e+00 +0.000000e+00 +0.000000e+00 +0.000000e+00 +0.000000e+00 +0.000000e+00 +0.000000e+00 -0.000000e+00 -0.000000e+00 +0.000000e+00 -0.000000e+00 +0.000000e+00 -2.717796e-01 -2.717796e-01 -2.717796e-01 +9.794821e-01 +9.794821e-01 +2.922975e-01 -0.000000e+00 -0.000000e+00 +1.182463e-02 -0.000000e+00 -0.000000e+00 +9.763507e-01 -0.000000e+00 -0.000000e+00 +1.182463e-02 -0.000000e+00 -0.000000e+00 +1.182463e-02 
+7.974270e-01 +1.012865e-01 -5.948540e-01 +7.974270e-01 +1.012865e-01 +7.974270e-01 +4.743526e-01 -8.076859e-02 -6.358898e-01 -1.025896e-02 -8.076859e-02 +4.743526e-01 -0.000000e+00 +0.000000e+00 +0.000000e+00 +0.000000e+00 +0.000000e+00 +0.000000e+00 -0.000000e+00 +0.000000e+00 -0.000000e+00 +0.000000e+00 +0.000000e+00 +0.000000e+00 +7.643563e-02 -0.000000e+00 -0.000000e+00 -4.940877e-01 +0.000000e+00 +0.000000e+00 +7.643563e-02 -0.000000e+00 -0.000000e+00 -4.940877e-01 +0.000000e+00 +0.000000e+00 
+7.974270e-01 +1.012865e-01 -5.948540e-01 +7.974270e-01 +1.012865e-01 +7.974270e-01 -0.000000e+00 +0.000000e+00 +0.000000e+00 +0.000000e+00 +0.000000e+00 -0.000000e+00 +5.948540e-01 -1.012865e-01 -7.974270e-01 -1.012865e-01 -7.974270e-01 -7.974270e-01 -0.000000e+00 +0.000000e+00 -0.000000e+00 +0.000000e+00 +0.000000e+00 +0.000000e+00 -0.000000e+00 +7.643563e-02 -0.000000e+00 +0.000000e+00 -4.940877e-01 +0.000000e+00 -0.000000e+00 +7.643563e-02 -0.000000e+00 +0.000000e+00 -4.940877e-01 +0.000000e+00 
+7.974270e-01 +1.012865e-01 -5.948540e-01 +7.974270e-01 +1.012865e-01 +7.974270e-01 -0.000000e+00 +0.000000e+00 +0.000000e+00 +0.000000e+00 +0.000000e+00 -0.000000e+00 -0.000000e+00 +0.000000e+00 +0.000000e+00 +0.000000e+00 +0.000000e+00 +0.000000e+00 +4.743526e-01 -1.025896e-02 +4.743526e-01 -8.076859e-02 -8.076859e-02 -6.358898e-01 -0.000000e+00 -0.000000e+00 +7.643563e-02 +0.000000e+00 +0.000000e+00 -4.940877e-01 -0.000000e+00 -0.000000e+00 +7.643563e-02 +0.000000e+00 +0.000000e+00 -4.940877e-01 
-4.743526e-01 +1.025896e-02 -4.743526e-01 +8.076859e-02 +8.076859e-02 +6.358898e-01 -7.974270e-01 -7.974270e-01 -7.974270e-01 -1.012865e-01 -1.012865e-01 +5.948540e-01 +0.000000e+00 +0.000000e+00 -0.000000e+00 +0.000000e+00 +0.000000e+00 +0.000000e+00 +0.000000e+00 +0.000000e+00 -0.000000e+00 +0.000000e+00 +0.000000e+00 -0.000000e+00 -4.940877e-01 +0.000000e+00 +0.000000e+00 +7.643563e-02 -0.000000e+00 -0.000000e+00 +7.643563e-02 -0.000000e+00 -0.000000e+00 -4.940877e-01 +0.000000e+00 +0.000000e+00 
-4.743526e-01 +1.025896e-02 -4.743526e-01 +8.076859e-02 +8.076859e-02 +6.358898e-01 +0.000000e+00 +0.000000e+00 +0.000000e+00 +0.000000e+00 +0.000000e+00 -0.000000e+00 -7.974270e-01 -1.012865e-01 +5.948540e-01 -7.974270e-01 -1.012865e-01 -7.974270e-01 +0.000000e+00 +0.000000e+00 -0.000000e+00 +0.000000e+00 +0.000000e+00 -0.000000e+00 +0.000000e+00 -4.940877e-01 +0.000000e+00 -0.000000e+00 +7.643563e-02 -0.000000e+00 -0.000000e+00 +7.643563e-02 -0.000000e+00 +0.000000e+00 -4.940877e-01 +0.000000e+00 
-4.743526e-01 +1.025896e-02 -4.743526e-01 +8.076859e-02 +8.076859e-02 +6.358898e-01 +0.000000e+00 +0.000000e+00 +0.000000e+00 +0.000000e+00 +0.000000e+00 -0.000000e+00 +0.000000e+00 +0.000000e+00 -0.000000e+00 +0.000000e+00 +0.000000e+00 +0.000000e+00 -6.358898e-01 -8.076859e-02 +4.743526e-01 -8.076859e-02 -1.025896e-02 +4.743526e-01 +0.000000e+00 +0.000000e+00 -4.940877e-01 -0.000000e+00 -0.000000e+00 +7.643563e-02 -0.000000e+00 -0.000000e+00 +7.643563e-02 +0.000000e+00 +0.000000e+00 -4.940877e-01 
+2.717796e-01 -9.794821e-01 -2.922975e-01 +2.717796e-01 -9.794821e-01 +2.717796e-01 -2.717796e-01 -2.717796e-01 -2.717796e-01 +9.794821e-01 +9.794821e-01 +2.922975e-01 +0.000000e+00 +0.000000e+00 +0.000000e+00 +0.000000e+00 +0.000000e+00 +0.000000e+00 +0.000000e+00 -0.000000e+00 -0.000000e+00 +0.000000e+00 -0.000000e+00 +0.000000e+00 +1.182463e-02 -0.000000e+00 -0.000000e+00 +1.182463e-02 -0.000000e+00 -0.000000e+00 +9.763507e-01 -0.000000e+00 -0.000000e+00 +1.182463e-02 -0.000000e+00 -0.000000e+00 
+2.717796e-01 -9.794821e-01 -2.922975e-01 +2.717796e-01 -9.794821e-01 +2.717796e-01 +0.000000e+00 +0.000000e+00 +0.000000e+00 -0.000000e+00 -0.000000e+00 -0.000000e+00 -1.000000e+00 -1.000000e+00 -1.000000e+00 -1.000000e+00 -1.000000e+00 -1.000000e+00 +0.000000e+00 -0.000000e+00 -0.000000e+00 +0.000000e+00 -0.000000e+00 +0.000000e+00 -0.000000e+00 +1.182463e-02 -0.000000e+00 -0.000000e+00 +1.182463e-02 -0.000000e+00 -0.000000e+00 +9.763507e-01 -0.000000e+00 -0.000000e+00 +1.182463e-02 -0.000000e+00 
+2.717796e-01 -9.794821e-01 -2.922975e-01 +2.717796e-01 -9.794821e-01 +2.717796e-01 +0.000000e+00 +0.000000e+00 +0.000000e+00 -0.000000e+00 -0.000000e+00 -0.000000e+00 +0.000000e+00 +0.000000e+00 +0.000000e+00 +0.000000e+00 +0.000000e+00 +0.000000e+00 -2.717796e-01 +9.794821e-01 +2.922975e-01 -2.717796e-01 +9.794821e-01 -2.717796e-01 -0.000000e+00 -0.000000e+00 +1.182463e-02 -0.000000e+00 -0.000000e+00 +1.182463e-02 -0.000000e+00 -0.000000e+00 +9.763507e-01 -0.000000e+00 -0.000000e+00 +1.182463e-02 
+7.974270e-01 +7.974270e-01 +7.974270e-01 +1.012865e-01 +1.012865e-01 -5.948540e-01 +4.743526e-01 -1.025896e-02 +4.743526e-01 -8.076859e-02 -8.076859e-02 -6.358898e-01 -0.000000e+00 +0.000000e+00 +0.000000e+00 +0.000000e+00 +0.000000e+00 -0.000000e+00 -0.000000e+00 +0.000000e+00 +0.000000e+00 +0.000000e+00 +0.000000e+00 +0.000000e+00 +7.643563e-02 -0.000000e+00 -0.000000e+00 -4.940877e-01 +0.000000e+00 +0.000000e+00 -4.940877e-01 +0.000000e+00 +0.000000e+00 +7.643563e-02 -0.000000e+00 -0.000000e+00 
+7.974270e-01 +7.974270e-01 +7.974270e-01 +1.012865e-01 +1.012865e-01 -5.948540e-01 -0.000000e+00 +0.000000e+00 -0.000000e+00 +0.000000e+00 +0.000000e+00 +0.000000e+00 +4.743526e-01 -8.076859e-02 -6.358898e-01 -1.025896e-02 -8.076859e-02 +4.743526e-01 -0.000000e+00 +0.000000e+00 +0.000000e+00 +0.000000e+00 +0.000000e+00 +0.000000e+00 -0.000000e+00 +7.643563e-02 -0.000000e+00 +0.000000e+00 -4.940877e-01 +0.000000e+00 +0.000000e+00 -4.940877e-01 +0.000000e+00 -0.000000e+00 +7.643563e-02 -0.000000e+00 
+7.974270e-01 +7.974270e-01 +7.974270e-01 +1.012865e-01 +1.012865e-01 -5.948540e-01 -0.000000e+00 +0.000000e+00 -0.000000e+00 +0.000000e+00 +0.000000e+00 +0.000000e+00 -0.000000e+00 +0.000000e+00 +0.000000e+00 +0.000000e+00 +0.000000e+00 -0.000000e+00 +5.948540e-01 -1.012865e-01 -7.974270e-01 -1.012865e-01 -7.974270e-01 -7.974270e-01 -0.000000e+00 -0.000000e+00 +7.643563e-02 +0.000000e+00 +0.000000e+00 -4.940877e-01 +0.000000e+00 +0.000000e+00 -4.940877e-01 -0.000000e+00 -0.000000e+00 +7.643563e-02 
-4.743526e-01 +8.076859e-02 +6.358898e-01 +1.025896e-02 +8.076859e-02 -4.743526e-01 -7.974270e-01 -1.012865e-01 +5.948540e-01 -7.974270e-01 -1.012865e-01 -7.974270e-01 +0.000000e+00 +0.000000e+00 -0.000000e+00 +0.000000e+00 +0.000000e+00 -0.000000e+00 +0.000000e+00 +0.000000e+00 +0.000000e+00 +0.000000e+00 +0.000000e+00 -0.000000e+00 -4.940877e-01 +0.000000e+00 +0.000000e+00 +7.643563e-02 -0.000000e+00 -0.000000e+00 -4.940877e-01 +0.000000e+00 +0.000000e+00 +7.643563e-02 -0.000000e+00 -0.000000e+00 
-4.743526e-01 +8.076859e-02 +6.358898e-01 +1.025896e-02 +8.076859e-02 -4.743526e-01 +0.000000e+00 +0.000000e+00 -0.000000e+00 +0.000000e+00 +0.000000e+00 +0.000000e+00 -6.358898e-01 -8.076859e-02 +4.743526e-01 -8.076859e-02 -1.025896e-02 +4.743526e-01 +0.000000e+00 +0.000000e+00 +0.000000e+00 +0.000000e+00 +0.000000e+00 -0.000000e+00 +0.000000e+00 -4.940877e-01 +0.000000e+00 -0.000000e+00 +7.643563e-02 -0.000000e+00 +0.000000e+00 -4.940877e-01 +0.000000e+00 -0.000000e+00 +7.643563e-02 -0.000000e+00 
-4.743526e-01 +8.076859e-02 +6.358898e-01 +1.025896e-02 +8.076859e-02 -4.743526e-01 +0.000000e+00 +0.000000e+00 -0.000000e+00 +0.000000e+00 +0.000000e+00 +0.000000e+00 +0.000000e+00 +0.000000e+00 -0.000000e+00 +0.000000e+00 +0.000000e+00 -0.000000e+00 -7.974270e-01 -7.974270e-01 -7.974270e-01 -1.012865e-01 -1.012865e-01 +5.948540e-01 +0.000000e+00 +0.000000e+00 -4.940877e-01 -0.000000e+00 -0.000000e+00 +7.643563e-02 +0.000000e+00 +0.000000e+00 -4.940877e-01 -0.000000e+00 -0.000000e+00 +7.643563e-02 
+6.358898e-01 +8.076859e-02 -4.743526e-01 +8.076859e-02 +1.025896e-02 -4.743526e-01 -6.358898e-01 -8.076859e-02 +4.743526e-01 -8.076859e-02 -1.025896e-02 +4.743526e-01 +0.000000e+00 +0.000000e+00 +0.000000e+00 +0.000000e+00 +0.000000e+00 -0.000000e+00 +0.000000e+00 +0.000000e+00 -0.000000e+00 +0.000000e+00 +0.000000e+00 +0.000000e+00 -4.940877e-01 +0.000000e+00 +0.000000e+00 -4.940877e-01 +0.000000e+00 +0.000000e+00 +7.643563e-02 -0.000000e+00 -0.000000e+00 +7.643563e-02 -0.000000e+00 -0.000000e+00 
+6.358898e-01 +8.076859e-02 -4.743526e-01 +8.076859e-02 +1.025896e-02 -4.743526e-01 +0.000000e+00 +0.000000e+00 -0.000000e+00 +0.000000e+00 +0.000000e+00 -0.000000e+00 -7.974270e-01 -7.974270e-01 -7.974270e-01 -1.012865e-01 -1.012865e-01 +5.948540e-01 +0.000000e+00 +0.000000e+00 -0.000000e+00 +0.000000e+00 +0.000000e+00 +0.000000e+00 +0.000000e+00 -4.940877e-01 +0.000000e+00 +0.000000e+00 -4.940877e-01 +0.000000e+00 -0.000000e+00 +7.643563e-02 -0.000000e+00 -0.000000e+00 +7.643563e-02 -0.000000e+00 
+6.358898e-01 +8.076859e-02 -4.743526e-01 +8.076859e-02 +1.025896e-02 -4.743526e-01 +0.000000e+00 +0.000000e+00 -0.000000e+00 +0.000000e+00 +0.000000e+00 -0.000000e+00 +0.000000e+00 +0.000000e+00 +0.000000e+00 +0.000000e+00 +0.000000e+00 -0.000000e+00 -7.974270e-01 -1.012865e-01 +5.948540e-01 -7.974270e-01 -1.012865e-01 -7.974270e-01 +0.000000e+00 +0.000000e+00 -4.940877e-01 +0.000000e+00 +0.000000e+00 -4.940877e-01 -0.000000e+00 -0.000000e+00 +7.643563e-02 -0.000000e+00 -0.000000e+00 +7.643563e-02 
+2.717796e-01 +2.717796e-01 +2.717796e-01 -9.794821e-01 -9.794821e-01 -2.922975e-01 -2.717796e-01 +9.794821e-01 +2.922975e-01 -2.717796e-01 +9.794821e-01 -2.717796e-01 +0.000000e+00 +0.000000e+00 +0.000000e+00 -0.000000e+00 -0.000000e+00 -0.000000e+00 +0.000000e+00 +0.000000e+00 +0.000000e+00 +0.000000e+00 +0.000000e+00 +0.000000e+00 +1.182463e-02 -0.000000e+00 -0.000000e+00 +1.182463e-02 -0.000000e+00 -0.000000e+00 +1.182463e-02 -0.000000e+00 -0.000000e+00 +9.763507e-01 -0.000000e+00 -0.000000e+00 
+2.717796e-01 +2.717796e-01 +2.717796e-01 -9.794821e-01 -9.794821e-01 -2.922975e-01 +0.000000e+00 -0.000000e+00 -0.000000e+00 +0.000000e+00 -0.000000e+00 +0.000000e+00 -2.717796e-01 -2.717796e-01 -2.717796e-01 +9.794821e-01 +9.794821e-01 +2.922975e-01 +0.000000e+00 +0.000000e+00 +0.000000e+00 +0.000000e+00 +0.000000e+00 +0.000000e+00 -0.000000e+00 +1.182463e-02 -0.000000e+00 -0.000000e+00 +1.182463e-02 -0.000000e+00 -0.000000e+00 +1.182463e-02 -0.000000e+00 -0.000000e+00 +9.763507e-01 -0.000000e+00 
+2.717796e-01 +2.717796e-01 +2.717796e-01 -9.794821e-01 -9.794821e-01 -2.922975e-01 +0.000000e+00 -0.000000e+00 -0.000000e+00 +0.000000e+00 -0.000000e+00 +0.000000e+00 +0.000000e+00 +0.000000e+00 +0.000000e+00 -0.000000e+00 -0.000000e+00 -0.000000e+00 -1.000000e+00 -1.000000e+00 -1.000000e+00 -1.000000e+00 -1.000000e+00 -1.000000e+00 -0.000000e+00 -0.000000e+00 +1.182463e-02 -0.000000e+00 -0.000000e+00 +1.182463e-02 -0.000000e+00 -0.000000e+00 +1.182463e-02 -0.000000e+00 -0.000000e+00 +9.763507e-01 
+6.794490e-02 +6.794490e-02 +6.794490e-02 -2.448705e-01 -2.448705e-01 -7.307438e-02 +6.794490e-02 -2.448705e-01 -7.307438e-02 +6.794490e-02 -2.448705e-01 +6.794490e-02 +6.794490e-02 +6.794490e-02 +6.794490e-02 -2.448705e-01 -2.448705e-01 -7.307438e-02 +2.500000e-01 +2.500000e-01 +2.500000e-01 +2.500000e-01 +2.500000e-01 +2.500000e-01 -1.199690e-03 -1.199690e-03 -1.199690e-03 +3.599070e-03 -1.199690e-03 -1.199690e-03 -1.199690e-03 +3.599070e-03 -1.199690e-03 -9.905747e-02 -9.905747e-02 +2.971724e-01 
-1.185882e-01 +2.019215e-02 +1.589724e-01 +2.564739e-03 +2.019215e-02 -1.185882e-01 +1.993567e-01 +2.532163e-02 -1.487135e-01 +1.993567e-01 +2.532163e-02 +1.993567e-01 +1.589724e-01 +2.019215e-02 -1.185882e-01 +2.019215e-02 +2.564739e-03 -1.185882e-01 +1.993567e-01 +1.993567e-01 +1.993567e-01 +2.532163e-02 +2.532163e-02 -1.487135e-01 +5.012858e-02 +5.012858e-02 +5.012858e-02 +2.326476e-02 -7.754919e-03 -7.754919e-03 +5.012858e-02 -1.503857e-01 +5.012858e-02 -7.754919e-03 -7.754919e-03 +2.326476e-02 
-7.307438e-02 -2.448705e-01 +6.794490e-02 -2.448705e-01 +6.794490e-02 +6.794490e-02 +2.500000e-01 +2.500000e-01 +2.500000e-01 +2.500000e-01 +2.500000e-01 +2.500000e-01 +6.794490e-02 -2.448705e-01 -7.307438e-02 +6.794490e-02 -2.448705e-01 +6.794490e-02 +6.794490e-02 +6.794490e-02 +6.794490e-02 -2.448705e-01 -2.448705e-01 -7.307438e-02 -1.199690e-03 -1.199690e-03 -1.199690e-03 +2.971724e-01 -9.905747e-02 -9.905747e-02 -1.199690e-03 +3.599070e-03 -1.199690e-03 -1.199690e-03 -1.199690e-03 +3.599070e-03 
+1.589724e-01 +2.019215e-02 -1.185882e-01 +2.019215e-02 +2.564739e-03 -1.185882e-01 +1.589724e-01 +2.019215e-02 -1.185882e-01 +2.019215e-02 +2.564739e-03 -1.185882e-01 +1.993567e-01 +1.993567e-01 +1.993567e-01 +2.532163e-02 +2.532163e-02 -1.487135e-01 +1.993567e-01 +2.532163e-02 -1.487135e-01 +1.993567e-01 +2.532163e-02 +1.993567e-01 +5.012858e-02 +5.012858e-02 +5.012858e-02 -1.503857e-01 +5.012858e-02 +5.012858e-02 -7.754919e-03 +2.326476e-02 -7.754919e-03 -7.754919e-03 -7.754919e-03 +2.326476e-02 
-1.185882e-01 +2.564739e-03 -1.185882e-01 +2.019215e-02 +2.019215e-02 +1.589724e-01 +1.993567e-01 +1.993567e-01 +1.993567e-01 +2.532163e-02 +2.532163e-02 -1.487135e-01 +1.993567e-01 +2.532163e-02 -1.487135e-01 +1.993567e-01 +2.532163e-02 +1.993567e-01 +1.589724e-01 +2.019215e-02 -1.185882e-01 +2.019215e-02 +2.564739e-03 -1.185882e-01 +5.012858e-02 +5.012858e-02 +5.012858e-02 +2.326476e-02 -7.754919e-03 -7.754919e-03 -7.754919e-03 +2.326476e-02 -7.754919e-03 +5.012858e-02 +5.012858e-02 -1.503857e-01 
+6.794490e-02 -2.448705e-01 -7.307438e-02 +6.794490e-02 -2.448705e-01 +6.794490e-02 +6.794490e-02 +6.794490e-02 +6.794490e-02 -2.448705e-01 -2.448705e-01 -7.307438e-02 +2.500000e-01 +2.500000e-01 +2.500000e-01 +2.500000e-01 +2.500000e-01 +2.500000e-01 +6.794490e-02 -2.448705e-01 -7.307438e-02 +6.794490e-02 -2.448705e-01 +6.794490e-02 -1.199690e-03 -1.199690e-03 -1.199690e-03 +3.599070e-03 -1.199690e-03 -1.199690e-03 -9.905747e-02 +2.971724e-01 -9.905747e-02 -1.199690e-03 -1.199690e-03 +3.599070e-03 
