+0.000000e+00 +0.000000e+00 +0.000000e+00 +0.000000e+00 +0.000000e+00 +0.000000e+00 +0.000000e+00 +0.000000e+00 +0.000000e+00 +0.000000e+00 +0.000000e+00 +0.000000e+00 +0.000000e+00 +0.000000e+00 +0.000000e+00 +0.000000e+00 +0.000000e+00 +0.000000e+00 +0.000000e+00 +0.000000e+00 +0.000000e+00 +0.000000e+00 +0.000000e+00 +0.000000e+00 +0.000000e+00 +0.000000e+00 +0.000000e+00 +0.000000e+00 +0.000000e+00 +0.000000e+00 +0.000000e+00 +0.000000e+00 +0.000000e+00 +0.000000e+00 +0.000000e+00 +0.000000e+00 +0.000000e+00 +0.000000e+00 +0.000000e+00 +0.000000e+00 +1.000000e+00 +1.000000e+00 +1.000000e+00 +1.000000e+00 +1.000000e+00 +1.000000e+00 +1.000000e+00 +1.000000e+00 +1.000000e+00 +1.000000e+00 -1.293318e-01 -1.293318e-01 -1.293318e-01 -1.293318e-01 -4.826728e-01 -1.293318e-01 -1.293318e-01 -1.293318e-01 -1.293318e-01 -4.826728e-01 -1.293318e-01 -1.293318e-01 -1.293318e-01 -1.293318e-01 -4.826728e-01 -1.293318e-01 -1.293318e-01 -1.293318e-01 -1.293318e-01 -4.826728e-01 
+0.000000e+00 +0.000000e+00 +0.000000e+00 +0.000000e+00 +0.000000e+00 +0.000000e+00 +0.000000e+00 +0.000000e+00 +0.000000e+00 +0.000000e+00 +0.000000e+00 +0.000000e+00 +0.000000e+00 +0.000000e+00 +0.000000e+00 +0.000000e+00 +0.000000e+00 +0.000000e+00 +0.000000e+00 +0.000000e+00 +0.000000e+00 +0.000000e+00 +0.000000e+00 +0.000000e+00 +0.000000e+00 +0.000000e+00 +0.000000e+00 +0.000000e+00 +0.000000e+00 +0.000000e+00 +0.000000e+00 +0.000000e+00 +0.000000e+00 +0.000000e+00 +0.000000e+00 +0.000000e+00 +0.000000e+00 +0.000000e+00 +0.000000e+00 +0.000000e+00 -6.321157e-01 -6.321157e-01 -6.321157e-01 -6.321157e-01 -6.321157e-01 -6.321157e-01 +6.321157e-01 +6.321157e-01 +6.321157e-01 +1.896347e+00 +0.000000e+00 +0.000000e+00 +0.000000e+00 +0.000000e+00 +1.705481e-01 +4.569823e-02 +4.569823e-02 +4.569823e-02 +4.569823e-02 +1.705481e-01 +4.569823e-02 +4.569823e-02 +4.569823e-02 +4.569823e-02 +1.705481e-01 +4.569823e-02 -1.370947e-01 -1.370947e-01 -1.370947e-01 -5.116443e-01 
+0.000000e+00 +0.000000e+00 +0.000000e+00 +0.000000e+00 +0.000000e+00 +0.000000e+00 +0.000000e+00 +0.000000e+00 +0.000000e+00 +0.000000e+00 +0.000000e+00 +0.000000e+00 +0.000000e+00 +0.000000e+00 +0.000000e+00 +0.000000e+00 +0.000000e+00 +0.000000e+00 +0.000000e+00 +0.000000e+00 +0.000000e+00 +0.000000e+00 +0.000000e+00 +0.000000e+00 +0.000000e+00 +0.000000e+00 +0.000000e+00 +0.000000e+00 +0.000000e+00 +0.000000e+00 +0.000000e+00 +0.000000e+00 +0.000000e+00 +0.000000e+00 +0.000000e+00 +0.000000e+00 +0.000000e+00 +0.000000e+00 +0.000000e+00 +0.000000e+00 +2.071694e-01 +2.071694e-01 +2.071694e-01 +2.071694e-01 +2.071694e-01 +2.071694e-01 -5.829752e-01 -5.829752e-01 -5.829752e-01 +1.623657e+00 +1.946966e-02 +1.946966e-02 +1.946966e-02 +1.946966e-02 +5.651471e-02 +1.514307e-02 +1.514307e-02 +1.514307e-02 +1.514307e-02 +5.651471e-02 +1.514307e-02 +1.514307e-02 +1.514307e-02 +1.514307e-02 +5.651471e-02 +1.514307e-02 -6.489887e-03 -6.489887e-03 -6.489887e-03 -2.422059e-02 
+0.000000e+00 +0.000000e+00 +0.000000e+00 +0.000000e+00 +0.000000e+00 +0.000000e+00 +0.000000e+00 +0.000000e+00 +0.000000e+00 +0.000000e+00 +0.000000e+00 +0.000000e+00 +0.000000e+00 +0.000000e+00 +0.000000e+00 +0.000000e+00 +0.000000e+00 +0.000000e+00 +0.000000e+00 +0.000000e+00 +0.000000e+00 +0.000000e+00 +0.000000e+00 +0.000000e+00 +0.000000e+00 +0.000000e+00 +0.000000e+00 +0.000000e+00 +0.000000e+00 +0.000000e+00 +0.000000e+00 +0.000000e+00 +0.000000e+00 +0.000000e+00 +0.000000e+00 +0.000000e+00 +0.000000e+00 +0.000000e+00 +0.000000e+00 +0.000000e+00 -6.321157e-01 -6.321157e-01 -6.321157e-01 +3.160578e-01 +3.160578e-01 +1.264231e+00 -3.160578e-01 -3.160578e-01 +6.321157e-01 +0.000000e+00 +3.589678e-18 +3.589678e-18 +3.589678e-18 +3.589678e-18 +1.705481e-01 +4.569823e-02 +4.569823e-02 +4.569823e-02 +4.569823e-02 +1.705481e-01 +4.569823e-02 +4.569823e-02 -9.139646e-02 -9.139646e-02 -3.410962e-01 -9.139646e-02 +0.000000e+00 +0.000000e+00 +0.000000e+00 +0.000000e+00 
+0.000000e+00 +0.000000e+00 +0.000000e+00 +0.000000e+00 +0.000000e+00 +0.000000e+00 +0.000000e+00 +0.000000e+00 +0.000000e+00 +0.000000e+00 +0.000000e+00 +0.000000e+00 +0.000000e+00 +0.000000e+00 +0.000000e+00 +0.000000e+00 +0.000000e+00 +0.000000e+00 +0.000000e+00 +0.000000e+00 +0.000000e+00 +0.000000e+00 +0.000000e+00 +0.000000e+00 +0.000000e+00 +0.000000e+00 +0.000000e+00 +0.000000e+00 +0.000000e+00 +0.000000e+00 +0.000000e+00 +0.000000e+00 +0.000000e+00 +0.000000e+00 +0.000000e+00 +0.000000e+00 +0.000000e+00 +0.000000e+00 +0.000000e+00 +0.000000e+00 +2.832975e-01 +2.832975e-01 +2.832975e-01 -1.416488e-01 -1.416488e-01 -5.665950e-01 -4.577066e-01 -4.577066e-01 +9.154132e-01 +0.000000e+00 +9.285191e-19 +9.285191e-19 +9.285191e-19 +9.285191e-19 -1.614706e-02 -4.326592e-03 -4.326592e-03 -4.326592e-03 -4.326592e-03 -1.614706e-02 -4.326592e-03 -4.326592e-03 +8.653183e-03 +8.653183e-03 +3.229412e-02 +8.653183e-03 +0.000000e+00 +0.000000e+00 +0.000000e+00 +0.000000e+00 
+0.000000e+00 +0.000000e+00 +0.000000e+00 +0.000000e+00 +0.000000e+00 +0.000000e+00 +0.000000e+00 +0.000000e+00 +0.000000e+00 +0.000000e+00 +0.000000e+00 +0.000000e+00 +0.000000e+00 +0.000000e+00 +0.000000e+00 +0.000000e+00 +0.000000e+00 +0.000000e+00 +0.000000e+00 +0.000000e+00 +0.000000e+00 +0.000000e+00 +0.000000e+00 +0.000000e+00 +0.000000e+00 +0.000000e+00 +0.000000e+00 +0.000000e+00 +0.000000e+00 +0.000000e+00 +0.000000e+00 +0.000000e+00 +0.000000e+00 +0.000000e+00 +0.000000e+00 +0.000000e+00 +0.000000e+00 +0.000000e+00 +0.000000e+00 +0.000000e+00 +2.410041e-01 +2.410041e-01 +2.410041e-01 -4.746240e-01 -4.746240e-01 +8.075992e-01 -5.371966e-04 -5.371966e-04 +8.297520e-02 -4.229340e-02 +1.081648e-02 +1.081648e-02 +1.081648e-02 +1.081648e-02 +2.422059e-02 +6.489887e-03 +6.489887e-03 +6.489887e-03 +6.489887e-03 +2.422059e-02 +6.489887e-03 +6.489887e-03 -2.163296e-03 -2.163296e-03 -8.073530e-03 -2.163296e-03 +1.081648e-02 +1.081648e-02 +1.081648e-02 +4.036765e-02 
+0.000000e+00 +0.000000e+00 +0.000000e+00 +0.000000e+00 +0.000000e+00 +0.000000e+00 +0.000000e+00 +0.000000e+00 +0.000000e+00 +0.000000e+00 +0.000000e+00 +0.000000e+00 +0.000000e+00 +0.000000e+00 +0.000000e+00 +0.000000e+00 +0.000000e+00 +0.000000e+00 +0.000000e+00 +0.000000e+00 +0.000000e+00 +0.000000e+00 +0.000000e+00 +0.000000e+00 +0.000000e+00 +0.000000e+00 +0.000000e+00 +0.000000e+00 +0.000000e+00 +0.000000e+00 +0.000000e+00 +0.000000e+00 +0.000000e+00 +0.000000e+00 +0.000000e+00 +0.000000e+00 +0.000000e+00 +0.000000e+00 +0.000000e+00 +0.000000e+00 -6.321157e-01 +0.000000e+00 +6.321157e-01 -3.160578e-01 +3.160578e-01 +0.000000e+00 -3.160578e-01 +3.160578e-01 +0.000000e+00 +0.000000e+00 +0.000000e+00 +0.000000e+00 +0.000000e+00 +0.000000e+00 +1.705481e-01 +4.569823e-02 +4.569823e-02 +4.569823e-02 -4.569823e-02 -1.705481e-01 -4.569823e-02 -4.569823e-02 +0.000000e+00 +0.000000e+00 +0.000000e+00 +0.000000e+00 +0.000000e+00 +0.000000e+00 +0.000000e+00 +0.000000e+00 
+0.000000e+00 +0.000000e+00 +0.000000e+00 +0.000000e+00 +0.000000e+00 +0.000000e+00 +0.000000e+00 +0.000000e+00 +0.000000e+00 +0.000000e+00 +0.000000e+00 +0.000000e+00 +0.000000e+00 +0.000000e+00 +0.000000e+00 +0.000000e+00 +0.000000e+00 +0.000000e+00 +0.000000e+00 +0.000000e+00 +0.000000e+00 +0.000000e+00 +0.000000e+00 +0.000000e+00 +0.000000e+00 +0.000000e+00 +0.000000e+00 +0.000000e+00 +0.000000e+00 +0.000000e+00 +0.000000e+00 +0.000000e+00 +0.000000e+00 +0.000000e+00 +0.000000e+00 +0.000000e+00 +0.000000e+00 +0.000000e+00 +0.000000e+00 +0.000000e+00 +2.832975e-01 -0.000000e+00 -2.832975e-01 +1.416488e-01 -1.416488e-01 -0.000000e+00 -4.577066e-01 +4.577066e-01 +0.000000e+00 +0.000000e+00 +0.000000e+00 +0.000000e+00 +0.000000e+00 +0.000000e+00 -1.614706e-02 -4.326592e-03 -4.326592e-03 -4.326592e-03 +4.326592e-03 +1.614706e-02 +4.326592e-03 +4.326592e-03 +0.000000e+00 +0.000000e+00 +0.000000e+00 +0.000000e+00 +0.000000e+00 +0.000000e+00 +0.000000e+00 +0.000000e+00 
+0.000000e+00 +0.000000e+00 +0.000000e+00 +0.000000e+00 +0.000000e+00 +0.000000e+00 +0.000000e+00 +0.000000e+00 +0.000000e+00 +0.000000e+00 +0.000000e+00 +0.000000e+00 +0.000000e+00 +0.000000e+00 +0.000000e+00 +0.000000e+00 +0.000000e+00 +0.000000e+00 +0.000000e+00 +0.000000e+00 +0.000000e+00 +0.000000e+00 +0.000000e+00 +0.000000e+00 +0.000000e+00 +0.000000e+00 +0.000000e+00 +0.000000e+00 +0.000000e+00 +0.000000e+00 +0.000000e+00 +0.000000e+00 +0.000000e+00 +0.000000e+00 +0.000000e+00 +0.000000e+00 +0.000000e+00 +0.000000e+00 +0.000000e+00 +0.000000e+00 +2.832975e-01 -0.000000e+00 -2.832975e-01 -3.578140e-01 +3.578140e-01 +0.000000e+00 +4.175620e-02 -4.175620e-02 +0.000000e+00 +0.000000e+00 +0.000000e+00 +0.000000e+00 +0.000000e+00 +0.000000e+00 -1.614706e-02 -4.326592e-03 -4.326592e-03 -4.326592e-03 +4.326592e-03 +1.614706e-02 +4.326592e-03 +4.326592e-03 +0.000000e+00 +0.000000e+00 +0.000000e+00 +0.000000e+00 +0.000000e+00 +0.000000e+00 +0.000000e+00 +0.000000e+00 
+0.000000e+00 +0.000000e+00 +0.000000e+00 +0.000000e+00 +0.000000e+00 +0.000000e+00 +0.000000e+00 +0.000000e+00 +0.000000e+00 +0.000000e+00 +0.000000e+00 +0.000000e+00 +0.000000e+00 +0.000000e+00 +0.000000e+00 +0.000000e+00 +0.000000e+00 +0.000000e+00 +0.000000e+00 +0.000000e+00 +0.000000e+00 +0.000000e+00 +0.000000e+00 +0.000000e+00 +0.000000e+00 +0.000000e+00 +0.000000e+00 +0.000000e+00 +0.000000e+00 +0.000000e+00 +0.000000e+00 +0.000000e+00 +0.000000e+00 +0.000000e+00 +0.000000e+00 +0.000000e+00 +0.000000e+00 +0.000000e+00 +0.000000e+00 +0.000000e+00 +2.663802e-01 -3.329752e-01 +2.663802e-01 +2.483884e-02 +2.483884e-02 -1.691736e-02 +2.483884e-02 +2.483884e-02 -1.691736e-02 -1.691736e-02 +4.326592e-03 +4.326592e-03 +4.326592e-03 +4.326592e-03 -1.812252e-17 -4.855914e-18 -4.855914e-18 -4.855914e-18 -4.855914e-18 -1.812252e-17 -4.855914e-18 -4.855914e-18 +4.326592e-03 +4.326592e-03 +1.614706e-02 +4.326592e-03 +4.326592e-03 +4.326592e-03 +4.326592e-03 +1.614706e-02 
+1.000000e+00 +1.000000e+00 +1.000000e+00 +1.000000e+00 +1.000000e+00 +1.000000e+00 +1.000000e+00 +1.000000e+00 +1.000000e+00 +1.000000e+00 +0.000000e+00 +0.000000e+00 +0.000000e+00 +0.000000e+00 +0.000000e+00 +0.000000e+00 +0.000000e+00 +0.000000e+00 +0.000000e+00 +0.000000e+00 +0.000000e+00 +0.000000e+00 +0.000000e+00 +0.000000e+00 +0.000000e+00 +0.000000e+00 +0.000000e+00 +0.000000e+00 +0.000000e+00 +0.000000e+00 +0.000000e+00 +0.000000e+00 +0.000000e+00 +0.000000e+00 +0.000000e+00 +0.000000e+00 +0.000000e+00 +0.000000e+00 +0.000000e+00 +0.000000e+00 +0.000000e+00 +0.000000e+00 +0.000000e+00 +0.000000e+00 +0.000000e+00 +0.000000e+00 +0.000000e+00 +0.000000e+00 -1.110223e-16 -1.110223e-16 -1.293318e-01 -1.293318e-01 -1.293318e-01 +8.706682e-01 -4.826728e-01 -1.293318e-01 -1.293318e-01 +8.706682e-01 -1.293318e-01 -4.826728e-01 -1.293318e-01 +8.706682e-01 -1.293318e-01 -1.293318e-01 -4.826728e-01 +8.706682e-01 -1.293318e-01 -1.293318e-01 -1.293318e-01 +5.173272e-01 
+1.896347e+00 +6.321157e-01 -6.321157e-01 +6.321157e-01 -6.321157e-01 -6.321157e-01 +6.321157e-01 -6.321157e-01 -6.321157e-01 -6.321157e-01 +0.000000e+00 +0.000000e+00 +0.000000e+00 +0.000000e+00 +0.000000e+00 +0.000000e+00 +0.000000e+00 +0.000000e+00 +0.000000e+00 +0.000000e+00 +0.000000e+00 +0.000000e+00 +0.000000e+00 +0.000000e+00 +0.000000e+00 +0.000000e+00 +0.000000e+00 +0.000000e+00 +0.000000e+00 +0.000000e+00 +0.000000e+00 +0.000000e+00 +0.000000e+00 +0.000000e+00 +0.000000e+00 +0.000000e+00 +0.000000e+00 +0.000000e+00 +0.000000e+00 +0.000000e+00 +0.000000e+00 +0.000000e+00 +0.000000e+00 +0.000000e+00 +1.110223e-16 +1.110223e-16 +0.000000e+00 -5.551115e-17 +5.551115e-17 +2.775558e-17 -1.370947e-01 -1.370947e-01 -1.370947e-01 +9.229284e-01 +1.705481e-01 +4.569823e-02 +4.569823e-02 -3.076428e-01 +4.569823e-02 +1.705481e-01 +4.569823e-02 -3.076428e-01 +4.569823e-02 +4.569823e-02 +1.705481e-01 -3.076428e-01 -4.307614e-17 -4.307614e-17 -4.307614e-17 +1.723046e-16 
+1.623657e+00 -5.829752e-01 +2.071694e-01 -5.829752e-01 +2.071694e-01 +2.071694e-01 -5.829752e-01 +2.071694e-01 +2.071694e-01 +2.071694e-01 +0.000000e+00 +0.000000e+00 +0.000000e+00 +0.000000e+00 +0.000000e+00 +0.000000e+00 +0.000000e+00 +0.000000e+00 +0.000000e+00 +0.000000e+00 +0.000000e+00 +0.000000e+00 +0.000000e+00 +0.000000e+00 +0.000000e+00 +0.000000e+00 +0.000000e+00 +0.000000e+00 +0.000000e+00 +0.000000e+00 +0.000000e+00 +0.000000e+00 +0.000000e+00 +0.000000e+00 +0.000000e+00 +0.000000e+00 +0.000000e+00 +0.000000e+00 +0.000000e+00 +0.000000e+00 +0.000000e+00 +0.000000e+00 -1.110223e-16 +0.000000e+00 -1.110223e-16 +0.000000e+00 +2.775558e-17 +2.775558e-17 +0.000000e+00 -6.938894e-18 -6.489887e-03 -6.489887e-03 -6.489887e-03 +4.369025e-02 +5.651471e-02 +1.514307e-02 +1.514307e-02 -1.019439e-01 +1.514307e-02 +5.651471e-02 +1.514307e-02 -1.019439e-01 +1.514307e-02 +1.514307e-02 +5.651471e-02 -1.019439e-01 +1.946966e-02 +1.946966e-02 +1.946966e-02 -7.787865e-02 
+0.000000e+00 -3.160578e-01 -6.321157e-01 +6.321157e-01 +3.160578e-01 +1.264231e+00 -3.160578e-01 -6.321157e-01 +3.160578e-01 -6.321157e-01 +0.000000e+00 +0.000000e+00 +0.000000e+00 +0.000000e+00 +0.000000e+00 +0.000000e+00 +0.000000e+00 +0.000000e+00 +0.000000e+00 +0.000000e+00 +0.000000e+00 +0.000000e+00 +0.000000e+00 +0.000000e+00 +0.000000e+00 +0.000000e+00 +0.000000e+00 +0.000000e+00 +0.000000e+00 +0.000000e+00 +0.000000e+00 +0.000000e+00 +0.000000e+00 +0.000000e+00 +0.000000e+00 +0.000000e+00 +0.000000e+00 +0.000000e+00 +0.000000e+00 +0.000000e+00 +0.000000e+00 +0.000000e+00 +0.000000e+00 +1.110223e-16 +0.000000e+00 +0.000000e+00 +0.000000e+00 +5.551115e-17 +0.000000e+00 +0.000000e+00 +3.589678e-18 +3.589678e-18 +3.589678e-18 -2.416590e-17 +1.705481e-01 +4.569823e-02 +4.569823e-02 -3.076428e-01 -9.139646e-02 -3.410962e-01 -9.139646e-02 +6.152856e-01 +4.569823e-02 +4.569823e-02 +1.705481e-01 -3.076428e-01 +0.000000e+00 +0.000000e+00 +0.000000e+00 +0.000000e+00 
+0.000000e+00 -4.577066e-01 +2.832975e-01 +9.154132e-01 -1.416488e-01 -5.665950e-01 -4.577066e-01 +2.832975e-01 -1.416488e-01 +2.832975e-01 +0.000000e+00 +0.000000e+00 +0.000000e+00 +0.000000e+00 +0.000000e+00 +0.000000e+00 +0.000000e+00 +0.000000e+00 +0.000000e+00 +0.000000e+00 +0.000000e+00 +0.000000e+00 +0.000000e+00 +0.000000e+00 +0.000000e+00 +0.000000e+00 +0.000000e+00 +0.000000e+00 +0.000000e+00 +0.000000e+00 +0.000000e+00 +0.000000e+00 +0.000000e+00 +0.000000e+00 +0.000000e+00 +0.000000e+00 +0.000000e+00 +0.000000e+00 +0.000000e+00 +0.000000e+00 +0.000000e+00 +5.551115e-17 +0.000000e+00 -1.110223e-16 +0.000000e+00 +0.000000e+00 +0.000000e+00 -2.775558e-17 +0.000000e+00 +0.000000e+00 +7.270422e-18 +7.270422e-18 +7.270422e-18 -4.894485e-17 -1.614706e-02 -4.326592e-03 -4.326592e-03 +2.912683e-02 +8.653183e-03 +3.229412e-02 +8.653183e-03 -5.825367e-02 -4.326592e-03 -4.326592e-03 -1.614706e-02 +2.912683e-02 +0.000000e+00 +0.000000e+00 +0.000000e+00 +0.000000e+00 
-4.229340e-02 -5.371966e-04 +2.410041e-01 +8.297520e-02 -4.746240e-01 +8.075992e-01 -5.371966e-04 +2.410041e-01 -4.746240e-01 +2.410041e-01 +0.000000e+00 +0.000000e+00 +0.000000e+00 +0.000000e+00 +0.000000e+00 +0.000000e+00 +0.000000e+00 +0.000000e+00 +0.000000e+00 +0.000000e+00 +0.000000e+00 +0.000000e+00 +0.000000e+00 +0.000000e+00 +0.000000e+00 +0.000000e+00 +0.000000e+00 +0.000000e+00 +0.000000e+00 +0.000000e+00 +0.000000e+00 +0.000000e+00 +0.000000e+00 +0.000000e+00 +0.000000e+00 +0.000000e+00 +0.000000e+00 +0.000000e+00 +0.000000e+00 +0.000000e+00 +0.000000e+00 +5.551115e-17 +0.000000e+00 -2.775558e-17 +5.551115e-17 +0.000000e+00 -5.421011e-20 +0.000000e+00 +0.000000e+00 +5.204170e-18 +1.081648e-02 +1.081648e-02 +1.081648e-02 -7.281709e-02 +2.422059e-02 +6.489887e-03 +6.489887e-03 -4.369025e-02 -2.163296e-03 -8.073530e-03 -2.163296e-03 +1.456342e-02 +6.489887e-03 +6.489887e-03 +2.422059e-02 -4.369025e-02 +1.081648e-02 +1.081648e-02 +1.081648e-02 -4.326592e-02 
+0.000000e+00 -3.160578e-01 -6.321157e-01 +0.000000e+00 -3.160578e-01 +0.000000e+00 +3.160578e-01 +0.000000e+00 +3.160578e-01 +6.321157e-01 +0.000000e+00 +0.000000e+00 +0.000000e+00 +0.000000e+00 +0.000000e+00 +0.000000e+00 +0.000000e+00 +0.000000e+00 +0.000000e+00 +0.000000e+00 +0.000000e+00 +0.000000e+00 +0.000000e+00 +0.000000e+00 +0.000000e+00 +0.000000e+00 +0.000000e+00 +0.000000e+00 +0.000000e+00 +0.000000e+00 +0.000000e+00 +0.000000e+00 +0.000000e+00 +0.000000e+00 +0.000000e+00 +0.000000e+00 +0.000000e+00 +0.000000e+00 +0.000000e+00 +0.000000e+00 +0.000000e+00 +5.551115e-17 +0.000000e+00 +0.000000e+00 -5.551115e-17 +0.000000e+00 -2.775558e-17 +0.000000e+00 -2.775558e-17 +0.000000e+00 +0.000000e+00 +0.000000e+00 +0.000000e+00 +0.000000e+00 +1.705481e-01 +4.569823e-02 +4.569823e-02 -3.076428e-01 +0.000000e+00 +0.000000e+00 +0.000000e+00 +0.000000e+00 -4.569823e-02 -4.569823e-02 -1.705481e-01 +3.076428e-01 +0.000000e+00 +0.000000e+00 +0.000000e+00 +0.000000e+00 
+0.000000e+00 -4.577066e-01 +2.832975e-01 +0.000000e+00 +1.416488e-01 -0.000000e+00 +4.577066e-01 -0.000000e+00 -1.416488e-01 -2.832975e-01 +0.000000e+00 +0.000000e+00 +0.000000e+00 +0.000000e+00 +0.000000e+00 +0.000000e+00 +0.000000e+00 +0.000000e+00 +0.000000e+00 +0.000000e+00 +0.000000e+00 +0.000000e+00 +0.000000e+00 +0.000000e+00 +0.000000e+00 +0.000000e+00 +0.000000e+00 +0.000000e+00 +0.000000e+00 +0.000000e+00 +0.000000e+00 +0.000000e+00 +0.000000e+00 +0.000000e+00 +0.000000e+00 +0.000000e+00 +0.000000e+00 +0.000000e+00 +0.000000e+00 +0.000000e+00 +0.000000e+00 -5.551115e-17 +0.000000e+00 +0.000000e+00 +0.000000e+00 +0.000000e+00 +1.387779e-17 +0.000000e+00 +1.387779e-17 +0.000000e+00 +0.000000e+00 +0.000000e+00 +0.000000e+00 +0.000000e+00 -1.614706e-02 -4.326592e-03 -4.326592e-03 +2.912683e-02 +0.000000e+00 +0.000000e+00 +0.000000e+00 -0.000000e+00 +4.326592e-03 +4.326592e-03 +1.614706e-02 -2.912683e-02 +0.000000e+00 +0.000000e+00 +0.000000e+00 +0.000000e+00 
+0.000000e+00 +4.175620e-02 +2.832975e-01 +0.000000e+00 -3.578140e-01 +0.000000e+00 -4.175620e-02 -0.000000e+00 +3.578140e-01 -2.832975e-01 +0.000000e+00 +0.000000e+00 +0.000000e+00 +0.000000e+00 +0.000000e+00 +0.000000e+00 +0.000000e+00 +0.000000e+00 +0.000000e+00 +0.000000e+00 +0.000000e+00 +0.000000e+00 +0.000000e+00 +0.000000e+00 +0.000000e+00 +0.000000e+00 +0.000000e+00 +0.000000e+00 +0.000000e+00 +0.000000e+00 +0.000000e+00 +0.000000e+00 +0.000000e+00 +0.000000e+00 +0.000000e+00 +0.000000e+00 +0.000000e+00 +0.000000e+00 +0.000000e+00 +0.000000e+00 +5.551115e-17 +0.000000e+00 +0.000000e+00 +0.000000e+00 +0.000000e+00 +0.000000e+00 +3.469447e-18 +0.000000e+00 +3.469447e-18 +0.000000e+00 +0.000000e+00 +0.000000e+00 +0.000000e+00 +0.000000e+00 -1.614706e-02 -4.326592e-03 -4.326592e-03 +2.912683e-02 +0.000000e+00 +0.000000e+00 +0.000000e+00 +0.000000e+00 +4.326592e-03 +4.326592e-03 +1.614706e-02 -2.912683e-02 +0.000000e+00 +0.000000e+00 +0.000000e+00 +0.000000e+00 
-1.691736e-02 +2.483884e-02 +2.663802e-01 -1.691736e-02 +2.483884e-02 -1.691736e-02 +2.483884e-02 -3.329752e-01 +2.483884e-02 +2.663802e-01 +0.000000e+00 +0.000000e+00 +0.000000e+00 +0.000000e+00 +0.000000e+00 +0.000000e+00 +0.000000e+00 +0.000000e+00 +0.000000e+00 +0.000000e+00 +0.000000e+00 +0.000000e+00 +0.000000e+00 +0.000000e+00 +0.000000e+00 +0.000000e+00 +0.000000e+00 +0.000000e+00 +0.000000e+00 +0.000000e+00 +0.000000e+00 +0.000000e+00 +0.000000e+00 +0.000000e+00 +0.000000e+00 +0.000000e+00 +0.000000e+00 +0.000000e+00 +0.000000e+00 +0.000000e+00 +0.000000e+00 +0.000000e+00 -1.734723e-18 +0.000000e+00 +0.000000e+00 +2.775558e-17 +1.734723e-18 -1.734723e-18 -1.734723e-18 +1.734723e-18 +4.326592e-03 +4.326592e-03 +4.326592e-03 -2.912683e-02 -1.812252e-17 -4.855914e-18 -4.855914e-18 +3.269026e-17 +4.326592e-03 +1.614706e-02 +4.326592e-03 -2.912683e-02 -4.855914e-18 -4.855914e-18 -1.812252e-17 +3.269026e-17 +4.326592e-03 +4.326592e-03 +4.326592e-03 -1.730637e-02 
+0.000000e+00 +0.000000e+00 +0.000000e+00 +0.000000e+00 +0.000000e+00 +0.000000e+00 +0.000000e+00 +0.000000e+00 +0.000000e+00 +0.000000e+00 +1.000000e+00 +1.000000e+00 +1.000000e+00 +1.000000e+00 +1.000000e+00 +1.000000e+00 +1.000000e+00 +1.000000e+00 +1.000000e+00 +1.000000e+00 +0.000000e+00 +0.000000e+00 +0.000000e+00 +0.000000e+00 +0.000000e+00 +0.000000e+00 +0.000000e+00 +0.000000e+00 +0.000000e+00 +0.000000e+00 +0.000000e+00 +0.000000e+00 +0.000000e+00 +0.000000e+00 +0.000000e+00 +0.000000e+00 +0.000000e+00 +0.000000e+00 +0.000000e+00 +0.000000e+00 +5.551115e-17 -5.551115e-17 +5.551115e-17 +5.551115e-17 +5.551115e-17 -5.551115e-17 -5.551115e-17 -5.551115e-17 -5.551115e-17 -1.110223e-16 -1.293318e-01 -1.293318e-01 +8.706682e-01 -1.293318e-01 -4.826728e-01 -1.293318e-01 +8.706682e-01 -1.293318e-01 -1.293318e-01 -4.826728e-01 +8.706682e-01 -1.293318e-01 -1.293318e-01 -1.293318e-01 +5.173272e-01 -1.293318e-01 -1.293318e-01 -1.293318e-01 +8.706682e-01 -4.826728e-01 
+0.000000e+00 +0.000000e+00 +0.000000e+00 +0.000000e+00 +0.000000e+00 +0.000000e+00 +0.000000e+00 +0.000000e+00 +0.000000e+00 +0.000000e+00 +1.896347e+00 +6.321157e-01 -6.321157e-01 +6.321157e-01 -6.321157e-01 -6.321157e-01 +6.321157e-01 -6.321157e-01 -6.321157e-01 -6.321157e-01 +0.000000e+00 +0.000000e+00 +0.000000e+00 +0.000000e+00 +0.000000e+00 +0.000000e+00 +0.000000e+00 +0.000000e+00 +0.000000e+00 +0.000000e+00 +0.000000e+00 +0.000000e+00 +0.000000e+00 +0.000000e+00 +0.000000e+00 +0.000000e+00 +0.000000e+00 +0.000000e+00 +0.000000e+00 +0.000000e+00 +0.000000e+00 +0.000000e+00 +1.387779e-17 -6.938894e-18 -4.163336e-17 +1.734723e-17 +0.000000e+00 +1.110223e-16 +2.775558e-17 +1.110223e-16 -1.370947e-01 -1.370947e-01 +9.229284e-01 -1.370947e-01 +1.705481e-01 +4.569823e-02 -3.076428e-01 +4.569823e-02 +4.569823e-02 +1.705481e-01 -3.076428e-01 +4.569823e-02 -4.307614e-17 -4.307614e-17 +1.723046e-16 -4.307614e-17 +4.569823e-02 +4.569823e-02 -3.076428e-01 +1.705481e-01 
+0.000000e+00 +0.000000e+00 +0.000000e+00 +0.000000e+00 +0.000000e+00 +0.000000e+00 +0.000000e+00 +0.000000e+00 +0.000000e+00 +0.000000e+00 +1.623657e+00 -5.829752e-01 +2.071694e-01 -5.829752e-01 +2.071694e-01 +2.071694e-01 -5.829752e-01 +2.071694e-01 +2.071694e-01 +2.071694e-01 +0.000000e+00 +0.000000e+00 +0.000000e+00 +0.000000e+00 +0.000000e+00 +0.000000e+00 +0.000000e+00 +0.000000e+00 +0.000000e+00 +0.000000e+00 +0.000000e+00 +0.000000e+00 +0.000000e+00 +0.000000e+00 +0.000000e+00 +0.000000e+00 +0.000000e+00 +0.000000e+00 +0.000000e+00 +0.000000e+00 -4.163336e-17 -4.163336e-17 -6.938894e-17 +3.469447e-17 +2.775558e-17 -4.336809e-18 -5.551115e-17 -5.551115e-17 +0.000000e+00 -2.220446e-16 -6.489887e-03 -6.489887e-03 +4.369025e-02 -6.489887e-03 +5.651471e-02 +1.514307e-02 -1.019439e-01 +1.514307e-02 +1.514307e-02 +5.651471e-02 -1.019439e-01 +1.514307e-02 +1.946966e-02 +1.946966e-02 -7.787865e-02 +1.946966e-02 +1.514307e-02 +1.514307e-02 -1.019439e-01 +5.651471e-02 
+0.000000e+00 +0.000000e+00 +0.000000e+00 +0.000000e+00 +0.000000e+00 +0.000000e+00 +0.000000e+00 +0.000000e+00 +0.000000e+00 +0.000000e+00 +0.000000e+00 -3.160578e-01 -6.321157e-01 -3.160578e-01 -6.321157e-01 -6.321157e-01 +6.321157e-01 +3.160578e-01 +3.160578e-01 +1.264231e+00 +0.000000e+00 +0.000000e+00 +0.000000e+00 +0.000000e+00 +0.000000e+00 +0.000000e+00 +0.000000e+00 +0.000000e+00 +0.000000e+00 +0.000000e+00 +0.000000e+00 +0.000000e+00 +0.000000e+00 +0.000000e+00 +0.000000e+00 +0.000000e+00 +0.000000e+00 +0.000000e+00 +0.000000e+00 +0.000000e+00 +2.081668e-17 +1.318390e-16 +2.081668e-17 -1.040834e-17 -1.040834e-17 +0.000000e+00 -2.775558e-17 -2.775558e-17 -5.551115e-17 -1.110223e-16 +3.589678e-18 +3.589678e-18 -2.416590e-17 +3.589678e-18 +1.705481e-01 +4.569823e-02 -3.076428e-01 +4.569823e-02 +4.569823e-02 +1.705481e-01 -3.076428e-01 +4.569823e-02 +0.000000e+00 +0.000000e+00 +0.000000e+00 +0.000000e+00 -9.139646e-02 -9.139646e-02 +6.152856e-01 -3.410962e-01 
+0.000000e+00 +0.000000e+00 +0.000000e+00 +0.000000e+00 +0.000000e+00 +0.000000e+00 +0.000000e+00 +0.000000e+00 +0.000000e+00 +0.000000e+00 +0.000000e+00 -4.577066e-01 +2.832975e-01 -4.577066e-01 +2.832975e-01 +2.832975e-01 +9.154132e-01 -1.416488e-01 -1.416488e-01 -5.665950e-01 +0.000000e+00 +0.000000e+00 +0.000000e+00 +0.000000e+00 +0.000000e+00 +0.000000e+00 +0.000000e+00 +0.000000e+00 +0.000000e+00 +0.000000e+00 +0.000000e+00 +0.000000e+00 +0.000000e+00 +0.000000e+00 +0.000000e+00 +0.000000e+00 +0.000000e+00 +0.000000e+00 +0.000000e+00 +0.000000e+00 -1.387779e-17 -6.938894e-17 +3.469447e-17 +3.469447e-18 +6.938894e-18 +0.000000e+00 +2.775558e-17 +1.387779e-17 +2.775558e-17 +1.110223e-16 +7.270422e-18 +7.270422e-18 -4.894485e-17 +7.270422e-18 -1.614706e-02 -4.326592e-03 +2.912683e-02 -4.326592e-03 -4.326592e-03 -1.614706e-02 +2.912683e-02 -4.326592e-03 +0.000000e+00 +0.000000e+00 +0.000000e+00 +0.000000e+00 +8.653183e-03 +8.653183e-03 -5.825367e-02 +3.229412e-02 
+0.000000e+00 +0.000000e+00 +0.000000e+00 +0.000000e+00 +0.000000e+00 +0.000000e+00 +0.000000e+00 +0.000000e+00 +0.000000e+00 +0.000000e+00 -4.229340e-02 -5.371966e-04 +2.410041e-01 -5.371966e-04 +2.410041e-01 +2.410041e-01 +8.297520e-02 -4.746240e-01 -4.746240e-01 +8.075992e-01 +0.000000e+00 +0.000000e+00 +0.000000e+00 +0.000000e+00 +0.000000e+00 +0.000000e+00 +0.000000e+00 +0.000000e+00 +0.000000e+00 +0.000000e+00 +0.000000e+00 +0.000000e+00 +0.000000e+00 +0.000000e+00 +0.000000e+00 +0.000000e+00 +0.000000e+00 +0.000000e+00 +0.000000e+00 +0.000000e+00 +0.000000e+00 -2.775558e-17 +0.000000e+00 -3.388132e-20 -3.388132e-20 +2.168404e-18 +2.775558e-17 +2.775558e-17 -6.938894e-18 -1.110223e-16 +1.081648e-02 +1.081648e-02 -7.281709e-02 +1.081648e-02 +2.422059e-02 +6.489887e-03 -4.369025e-02 +6.489887e-03 +6.489887e-03 +2.422059e-02 -4.369025e-02 +6.489887e-03 +1.081648e-02 +1.081648e-02 -4.326592e-02 +1.081648e-02 -2.163296e-03 -2.163296e-03 +1.456342e-02 -8.073530e-03 
+0.000000e+00 +0.000000e+00 +0.000000e+00 +0.000000e+00 +0.000000e+00 +0.000000e+00 +0.000000e+00 +0.000000e+00 +0.000000e+00 +0.000000e+00 +0.000000e+00 +3.160578e-01 +6.321157e-01 -3.160578e-01 +0.000000e+00 -6.321157e-01 +0.000000e+00 +3.160578e-01 -3.160578e-01 +0.000000e+00 +0.000000e+00 +0.000000e+00 +0.000000e+00 +0.000000e+00 +0.000000e+00 +0.000000e+00 +0.000000e+00 +0.000000e+00 +0.000000e+00 +0.000000e+00 +0.000000e+00 +0.000000e+00 +0.000000e+00 +0.000000e+00 +0.000000e+00 +0.000000e+00 +0.000000e+00 +0.000000e+00 +0.000000e+00 +0.000000e+00 +1.387779e-17 +0.000000e+00 -2.081668e-17 -1.734723e-17 +1.734723e-17 +0.000000e+00 +5.551115e-17 -5.551115e-17 +0.000000e+00 +0.000000e+00 +0.000000e+00 +0.000000e+00 +0.000000e+00 +0.000000e+00 +1.705481e-01 +4.569823e-02 -3.076428e-01 +4.569823e-02 -4.569823e-02 -1.705481e-01 +3.076428e-01 -4.569823e-02 +0.000000e+00 +0.000000e+00 +0.000000e+00 +0.000000e+00 +0.000000e+00 +0.000000e+00 +0.000000e+00 +0.000000e+00 
+0.000000e+00 +0.000000e+00 +0.000000e+00 +0.000000e+00 +0.000000e+00 +0.000000e+00 +0.000000e+00 +0.000000e+00 +0.000000e+00 +0.000000e+00 +0.000000e+00 +4.577066e-01 -2.832975e-01 -4.577066e-01 -0.000000e+00 +2.832975e-01 +0.000000e+00 -1.416488e-01 +1.416488e-01 -0.000000e+00 +0.000000e+00 +0.000000e+00 +0.000000e+00 +0.000000e+00 +0.000000e+00 +0.000000e+00 +0.000000e+00 +0.000000e+00 +0.000000e+00 +0.000000e+00 +0.000000e+00 +0.000000e+00 +0.000000e+00 +0.000000e+00 +0.000000e+00 +0.000000e+00 +0.000000e+00 +0.000000e+00 +0.000000e+00 +0.000000e+00 +0.000000e+00 +0.000000e+00 -3.469447e-17 +2.081668e-17 -1.040834e-17 +0.000000e+00 -2.775558e-17 +1.387779e-17 +0.000000e+00 +0.000000e+00 +0.000000e+00 +0.000000e+00 +0.000000e+00 +0.000000e+00 -1.614706e-02 -4.326592e-03 +2.912683e-02 -4.326592e-03 +4.326592e-03 +1.614706e-02 -2.912683e-02 +4.326592e-03 +0.000000e+00 +0.000000e+00 +0.000000e+00 +0.000000e+00 +0.000000e+00 +0.000000e+00 -0.000000e+00 +0.000000e+00 
+0.000000e+00 +0.000000e+00 +0.000000e+00 +0.000000e+00 +0.000000e+00 +0.000000e+00 +0.000000e+00 +0.000000e+00 +0.000000e+00 +0.000000e+00 +0.000000e+00 -4.175620e-02 -2.832975e-01 +4.175620e-02 -0.000000e+00 +2.832975e-01 +0.000000e+00 +3.578140e-01 -3.578140e-01 +0.000000e+00 +0.000000e+00 +0.000000e+00 +0.000000e+00 +0.000000e+00 +0.000000e+00 +0.000000e+00 +0.000000e+00 +0.000000e+00 +0.000000e+00 +0.000000e+00 +0.000000e+00 +0.000000e+00 +0.000000e+00 +0.000000e+00 +0.000000e+00 +0.000000e+00 +0.000000e+00 +0.000000e+00 +0.000000e+00 +0.000000e+00 +2.775558e-17 +0.000000e+00 -2.081668e-17 +3.035766e-18 -3.035766e-18 +0.000000e+00 +2.775558e-17 -2.775558e-17 +0.000000e+00 +0.000000e+00 +0.000000e+00 +0.000000e+00 +0.000000e+00 +0.000000e+00 -1.614706e-02 -4.326592e-03 +2.912683e-02 -4.326592e-03 +4.326592e-03 +1.614706e-02 -2.912683e-02 +4.326592e-03 +0.000000e+00 +0.000000e+00 +0.000000e+00 +0.000000e+00 +0.000000e+00 +0.000000e+00 +0.000000e+00 +0.000000e+00 
+0.000000e+00 +0.000000e+00 +0.000000e+00 +0.000000e+00 +0.000000e+00 +0.000000e+00 +0.000000e+00 +0.000000e+00 +0.000000e+00 +0.000000e+00 -1.691736e-02 +2.483884e-02 +2.663802e-01 +2.483884e-02 -3.329752e-01 +2.663802e-01 -1.691736e-02 +2.483884e-02 +2.483884e-02 -1.691736e-02 +0.000000e+00 +0.000000e+00 +0.000000e+00 +0.000000e+00 +0.000000e+00 +0.000000e+00 +0.000000e+00 +0.000000e+00 +0.000000e+00 +0.000000e+00 +0.000000e+00 +0.000000e+00 +0.000000e+00 +0.000000e+00 +0.000000e+00 +0.000000e+00 +0.000000e+00 +0.000000e+00 +0.000000e+00 +0.000000e+00 -3.469447e-18 +3.469447e-18 +6.938894e-18 +1.734723e-18 +1.734723e-18 +1.084202e-18 -1.734723e-18 -1.734723e-18 +8.673617e-19 +1.734723e-18 +4.326592e-03 +4.326592e-03 -2.912683e-02 +4.326592e-03 -1.812252e-17 -4.855914e-18 +3.269026e-17 -4.855914e-18 -4.855914e-18 -1.812252e-17 +3.269026e-17 -4.855914e-18 +4.326592e-03 +4.326592e-03 -1.730637e-02 +4.326592e-03 +4.326592e-03 +4.326592e-03 -2.912683e-02 +1.614706e-02 
+0.000000e+00 +0.000000e+00 +0.000000e+00 +0.000000e+00 +0.000000e+00 +0.000000e+00 +0.000000e+00 +0.000000e+00 +0.000000e+00 +0.000000e+00 +0.000000e+00 +0.000000e+00 +0.000000e+00 +0.000000e+00 +0.000000e+00 +0.000000e+00 +0.000000e+00 +0.000000e+00 +0.000000e+00 +0.000000e+00 +1.000000e+00 +1.000000e+00 +1.000000e+00 +1.000000e+00 +1.000000e+00 +1.000000e+00 +1.000000e+00 +1.000000e+00 +1.000000e+00 +1.000000e+00 +0.000000e+00 +0.000000e+00 +0.000000e+00 +0.000000e+00 +0.000000e+00 +0.000000e+00 +0.000000e+00 +0.000000e+00 +0.000000e+00 +0.000000e+00 +0.000000e+00 +5.551115e-17 +0.000000e+00 +0.000000e+00 +5.551115e-17 -5.551115e-17 +0.000000e+00 +5.551115e-17 -1.110223e-16 -1.110223e-16 -1.293318e-01 +8.706682e-01 -1.293318e-01 -1.293318e-01 -4.826728e-01 +8.706682e-01 -1.293318e-01 -1.293318e-01 -1.293318e-01 +5.173272e-01 -1.293318e-01 -1.293318e-01 -1.293318e-01 +8.706682e-01 -4.826728e-01 -1.293318e-01 -1.293318e-01 +8.706682e-01 -1.293318e-01 -4.826728e-01 
+0.000000e+00 +0.000000e+00 +0.000000e+00 +0.000000e+00 +0.000000e+00 +0.000000e+00 +0.000000e+00 +0.000000e+00 +0.000000e+00 +0.000000e+00 +0.000000e+00 +0.000000e+00 +0.000000e+00 +0.000000e+00 +0.000000e+00 +0.000000e+00 +0.000000e+00 +0.000000e+00 +0.000000e+00 +0.000000e+00 +1.896347e+00 +6.321157e-01 -6.321157e-01 +6.321157e-01 -6.321157e-01 -6.321157e-01 +6.321157e-01 -6.321157e-01 -6.321157e-01 -6.321157e-01 +0.000000e+00 +0.000000e+00 +0.000000e+00 +0.000000e+00 +0.000000e+00 +0.000000e+00 +0.000000e+00 +0.000000e+00 +0.000000e+00 +0.000000e+00 +0.000000e+00 -1.387779e-17 +6.938894e-18 +0.000000e+00 -4.163336e-17 +4.163336e-17 +0.000000e+00 -5.551115e-17 +1.110223e-16 +0.000000e+00 -1.370947e-01 +9.229284e-01 -1.370947e-01 -1.370947e-01 +1.705481e-01 -3.076428e-01 +4.569823e-02 +4.569823e-02 -4.307614e-17 +1.723046e-16 -4.307614e-17 -4.307614e-17 +4.569823e-02 -3.076428e-01 +1.705481e-01 +4.569823e-02 +4.569823e-02 -3.076428e-01 +4.569823e-02 +1.705481e-01 
+0.000000e+00 +0.000000e+00 +0.000000e+00 +0.000000e+00 +0.000000e+00 +0.000000e+00 +0.000000e+00 +0.000000e+00 +0.000000e+00 +0.000000e+00 +0.000000e+00 +0.000000e+00 +0.000000e+00 +0.000000e+00 +0.000000e+00 +0.000000e+00 +0.000000e+00 +0.000000e+00 +0.000000e+00 +0.000000e+00 +1.623657e+00 -5.829752e-01 +2.071694e-01 -5.829752e-01 +2.071694e-01 +2.071694e-01 -5.829752e-01 +2.071694e-01 +2.071694e-01 +2.071694e-01 +0.000000e+00 +0.000000e+00 +0.000000e+00 +0.000000e+00 +0.000000e+00 +0.000000e+00 +0.000000e+00 +0.000000e+00 +0.000000e+00 +0.000000e+00 -8.326673e-17 +4.163336e-17 -1.734723e-18 -4.163336e-17 +2.775558e-17 -1.387779e-17 -5.551115e-17 +2.775558e-17 -1.110223e-16 -1.110223e-16 -6.489887e-03 +4.369025e-02 -6.489887e-03 -6.489887e-03 +5.651471e-02 -1.019439e-01 +1.514307e-02 +1.514307e-02 +1.946966e-02 -7.787865e-02 +1.946966e-02 +1.946966e-02 +1.514307e-02 -1.019439e-01 +5.651471e-02 +1.514307e-02 +1.514307e-02 -1.019439e-01 +1.514307e-02 +5.651471e-02 
+0.000000e+00 +0.000000e+00 +0.000000e+00 +0.000000e+00 +0.000000e+00 +0.000000e+00 +0.000000e+00 +0.000000e+00 +0.000000e+00 +0.000000e+00 +0.000000e+00 +0.000000e+00 +0.000000e+00 +0.000000e+00 +0.000000e+00 +0.000000e+00 +0.000000e+00 +0.000000e+00 +0.000000e+00 +0.000000e+00 +0.000000e+00 -3.160578e-01 -6.321157e-01 +6.321157e-01 +3.160578e-01 +1.264231e+00 -3.160578e-01 -6.321157e-01 +3.160578e-01 -6.321157e-01 +0.000000e+00 +0.000000e+00 +0.000000e+00 +0.000000e+00 +0.000000e+00 +0.000000e+00 +0.000000e+00 +0.000000e+00 +0.000000e+00 +0.000000e+00 +4.163336e-17 -2.081668e-17 +0.000000e+00 -1.734723e-17 +3.469447e-17 -4.163336e-17 +1.110223e-16 +0.000000e+00 +0.000000e+00 +0.000000e+00 +3.589678e-18 -2.416590e-17 +3.589678e-18 +3.589678e-18 +1.705481e-01 -3.076428e-01 +4.569823e-02 +4.569823e-02 +0.000000e+00 +0.000000e+00 +0.000000e+00 +0.000000e+00 -9.139646e-02 +6.152856e-01 -3.410962e-01 -9.139646e-02 +4.569823e-02 -3.076428e-01 +4.569823e-02 +1.705481e-01 
+0.000000e+00 +0.000000e+00 +0.000000e+00 +0.000000e+00 +0.000000e+00 +0.000000e+00 +0.000000e+00 +0.000000e+00 +0.000000e+00 +0.000000e+00 +0.000000e+00 +0.000000e+00 +0.000000e+00 +0.000000e+00 +0.000000e+00 +0.000000e+00 +0.000000e+00 +0.000000e+00 +0.000000e+00 +0.000000e+00 +0.000000e+00 -4.577066e-01 +2.832975e-01 +9.154132e-01 -1.416488e-01 -5.665950e-01 -4.577066e-01 +2.832975e-01 -1.416488e-01 +2.832975e-01 +0.000000e+00 +0.000000e+00 +0.000000e+00 +0.000000e+00 +0.000000e+00 +0.000000e+00 +0.000000e+00 +0.000000e+00 +0.000000e+00 +0.000000e+00 -2.775558e-17 +6.938894e-18 +0.000000e+00 +3.469447e-17 -2.081668e-17 -2.775558e-17 -5.551115e-17 +0.000000e+00 +2.775558e-17 -5.551115e-17 +7.270422e-18 -4.894485e-17 +7.270422e-18 +7.270422e-18 -1.614706e-02 +2.912683e-02 -4.326592e-03 -4.326592e-03 +0.000000e+00 +0.000000e+00 +0.000000e+00 +0.000000e+00 +8.653183e-03 -5.825367e-02 +3.229412e-02 +8.653183e-03 -4.326592e-03 +2.912683e-02 -4.326592e-03 -1.614706e-02 
+0.000000e+00 +0.000000e+00 +0.000000e+00 +0.000000e+00 +0.000000e+00 +0.000000e+00 +0.000000e+00 +0.000000e+00 +0.000000e+00 +0.000000e+00 +0.000000e+00 +0.000000e+00 +0.000000e+00 +0.000000e+00 +0.000000e+00 +0.000000e+00 +0.000000e+00 +0.000000e+00 +0.000000e+00 +0.000000e+00 -4.229340e-02 -5.371966e-04 +2.410041e-01 +8.297520e-02 -4.746240e-01 +8.075992e-01 -5.371966e-04 +2.410041e-01 -4.746240e-01 +2.410041e-01 +0.000000e+00 +0.000000e+00 +0.000000e+00 +0.000000e+00 +0.000000e+00 +0.000000e+00 +0.000000e+00 +0.000000e+00 +0.000000e+00 +0.000000e+00 +0.000000e+00 -4.065758e-20 +8.673617e-19 +3.469447e-17 -3.469447e-18 +1.387779e-17 -2.775558e-17 -5.421011e-20 +1.110223e-16 +0.000000e+00 +1.081648e-02 -7.281709e-02 +1.081648e-02 +1.081648e-02 +2.422059e-02 -4.369025e-02 +6.489887e-03 +6.489887e-03 +1.081648e-02 -4.326592e-02 +1.081648e-02 +1.081648e-02 -2.163296e-03 +1.456342e-02 -8.073530e-03 -2.163296e-03 +6.489887e-03 -4.369025e-02 +6.489887e-03 +2.422059e-02 
+0.000000e+00 +0.000000e+00 +0.000000e+00 +0.000000e+00 +0.000000e+00 +0.000000e+00 +0.000000e+00 +0.000000e+00 +0.000000e+00 +0.000000e+00 +0.000000e+00 +0.000000e+00 +0.000000e+00 +0.000000e+00 +0.000000e+00 +0.000000e+00 +0.000000e+00 +0.000000e+00 +0.000000e+00 +0.000000e+00 +0.000000e+00 -3.160578e-01 -6.321157e-01 +0.000000e+00 -3.160578e-01 +0.000000e+00 +3.160578e-01 +0.000000e+00 +3.160578e-01 +6.321157e-01 +0.000000e+00 +0.000000e+00 +0.000000e+00 +0.000000e+00 +0.000000e+00 +0.000000e+00 +0.000000e+00 +0.000000e+00 +0.000000e+00 +0.000000e+00 -2.775558e-17 -6.938894e-18 +0.000000e+00 +6.591949e-17 +0.000000e+00 +0.000000e+00 +0.000000e+00 +2.775558e-17 -5.551115e-17 +0.000000e+00 +0.000000e+00 +0.000000e+00 +0.000000e+00 +0.000000e+00 +1.705481e-01 -3.076428e-01 +4.569823e-02 +4.569823e-02 +0.000000e+00 +0.000000e+00 +0.000000e+00 +0.000000e+00 +0.000000e+00 +0.000000e+00 +0.000000e+00 +0.000000e+00 -4.569823e-02 +3.076428e-01 -4.569823e-02 -1.705481e-01 
+0.000000e+00 +0.000000e+00 +0.000000e+00 +0.000000e+00 +0.000000e+00 +0.000000e+00 +0.000000e+00 +0.000000e+00 +0.000000e+00 +0.000000e+00 +0.000000e+00 +0.000000e+00 +0.000000e+00 +0.000000e+00 +0.000000e+00 +0.000000e+00 +0.000000e+00 +0.000000e+00 +0.000000e+00 +0.000000e+00 +0.000000e+00 -4.577066e-01 +2.832975e-01 +0.000000e+00 +1.416488e-01 -0.000000e+00 +4.577066e-01 -0.000000e+00 -1.416488e-01 -2.832975e-01 +0.000000e+00 +0.000000e+00 +0.000000e+00 +0.000000e+00 +0.000000e+00 +0.000000e+00 +0.000000e+00 +0.000000e+00 +0.000000e+00 +0.000000e+00 +0.000000e+00 +1.387779e-17 +0.000000e+00 -3.469447e-17 +0.000000e+00 +0.000000e+00 +0.000000e+00 -1.387779e-17 +5.551115e-17 +5.551115e-17 +0.000000e+00 +0.000000e+00 +0.000000e+00 +0.000000e+00 -1.614706e-02 +2.912683e-02 -4.326592e-03 -4.326592e-03 +0.000000e+00 +0.000000e+00 +0.000000e+00 +0.000000e+00 +0.000000e+00 -0.000000e+00 +0.000000e+00 +0.000000e+00 +4.326592e-03 -2.912683e-02 +4.326592e-03 +1.614706e-02 
+0.000000e+00 +0.000000e+00 +0.000000e+00 +0.000000e+00 +0.000000e+00 +0.000000e+00 +0.000000e+00 +0.000000e+00 +0.000000e+00 +0.000000e+00 +0.000000e+00 +0.000000e+00 +0.000000e+00 +0.000000e+00 +0.000000e+00 +0.000000e+00 +0.000000e+00 +0.000000e+00 +0.000000e+00 +0.000000e+00 +0.000000e+00 +4.175620e-02 +2.832975e-01 +0.000000e+00 -3.578140e-01 +0.000000e+00 -4.175620e-02 -0.000000e+00 +3.578140e-01 -2.832975e-01 +0.000000e+00 +0.000000e+00 +0.000000e+00 +0.000000e+00 +0.000000e+00 +0.000000e+00 +0.000000e+00 +0.000000e+00 +0.000000e+00 +0.000000e+00 +2.775558e-17 +2.602085e-18 +0.000000e+00 +2.775558e-17 +0.000000e+00 +0.000000e+00 +0.000000e+00 -3.469447e-18 -5.551115e-17 +2.775558e-17 +0.000000e+00 +0.000000e+00 +0.000000e+00 +0.000000e+00 -1.614706e-02 +2.912683e-02 -4.326592e-03 -4.326592e-03 +0.000000e+00 +0.000000e+00 +0.000000e+00 +0.000000e+00 +0.000000e+00 +0.000000e+00 +0.000000e+00 +0.000000e+00 +4.326592e-03 -2.912683e-02 +4.326592e-03 +1.614706e-02 
+0.000000e+00 +0.000000e+00 +0.000000e+00 +0.000000e+00 +0.000000e+00 +0.000000e+00 +0.000000e+00 +0.000000e+00 +0.000000e+00 +0.000000e+00 +0.000000e+00 +0.000000e+00 +0.000000e+00 +0.000000e+00 +0.000000e+00 +0.000000e+00 +0.000000e+00 +0.000000e+00 +0.000000e+00 +0.000000e+00 -1.691736e-02 +2.483884e-02 +2.663802e-01 -1.691736e-02 +2.483884e-02 -1.691736e-02 +2.483884e-02 -3.329752e-01 +2.483884e-02 +2.663802e-01 +0.000000e+00 +0.000000e+00 +0.000000e+00 +0.000000e+00 +0.000000e+00 +0.000000e+00 +0.000000e+00 +0.000000e+00 +0.000000e+00 +0.000000e+00 -6.938894e-18 +1.734723e-18 +4.336809e-19 -1.734723e-18 -1.951564e-18 -1.084202e-18 +0.000000e+00 +1.734723e-18 -3.469447e-18 -2.775558e-17 +4.326592e-03 -2.912683e-02 +4.326592e-03 +4.326592e-03 -1.812252e-17 +3.269026e-17 -4.855914e-18 -4.855914e-18 +4.326592e-03 -1.730637e-02 +4.326592e-03 +4.326592e-03 +4.326592e-03 -2.912683e-02 +1.614706e-02 +4.326592e-03 -4.855914e-18 +3.269026e-17 -4.855914e-18 -1.812252e-17 
+0.000000e+00 +0.000000e+00 +0.000000e+00 +0.000000e+00 +0.000000e+00 +0.000000e+00 +0.000000e+00 +0.000000e+00 +0.000000e+00 +0.000000e+00 +0.000000e+00 +0.000000e+00 +0.000000e+00 +0.000000e+00 +0.000000e+00 +0.000000e+00 +0.000000e+00 +0.000000e+00 +0.000000e+00 +0.000000e+00 +0.000000e+00 +0.000000e+00 +0.000000e+00 +0.000000e+00 +0.000000e+00 +0.000000e+00 +0.000000e+00 +0.000000e+00 +0.000000e+00 +0.000000e+00 +1.000000e+00 +1.000000e+00 +1.000000e+00 +1.000000e+00 +1.000000e+00 +1.000000e+00 +1.000000e+00 +1.000000e+00 +1.000000e+00 +1.000000e+00 +5.551115e-17 +5.551115e-17 +0.000000e+00 +5.551115e-17 +0.000000e+00 -5.551115e-17 +5.551115e-17 +0.000000e+00 -1.110223e-16 -1.110223e-16 +8.706682e-01 -1.293318e-01 -1.293318e-01 -1.293318e-01 +5.173272e-01 -1.293318e-01 -1.293318e-01 -1.293318e-01 +8.706682e-01 -4.826728e-01 -1.293318e-01 -1.293318e-01 +8.706682e-01 -1.293318e-01 -4.826728e-01 -1.293318e-01 +8.706682e-01 -1.293318e-01 -1.293318e-01 -4.826728e-01 
+0.000000e+00 +0.000000e+00 +0.000000e+00 +0.000000e+00 +0.000000e+00 +0.000000e+00 +0.000000e+00 +0.000000e+00 +0.000000e+00 +0.000000e+00 +0.000000e+00 +0.000000e+00 +0.000000e+00 +0.000000e+00 +0.000000e+00 +0.000000e+00 +0.000000e+00 +0.000000e+00 +0.000000e+00 +0.000000e+00 +0.000000e+00 +0.000000e+00 +0.000000e+00 +0.000000e+00 +0.000000e+00 +0.000000e+00 +0.000000e+00 +0.000000e+00 +0.000000e+00 +0.000000e+00 +1.896347e+00 +6.321157e-01 -6.321157e-01 +6.321157e-01 -6.321157e-01 -6.321157e-01 +6.321157e-01 -6.321157e-01 -6.321157e-01 -6.321157e-01 -2.081668e-17 -1.387779e-17 +2.775558e-17 -6.938894e-18 +1.249001e-16 +4.163336e-17 +0.000000e+00 +1.110223e-16 +1.110223e-16 +0.000000e+00 +9.229284e-01 -1.370947e-01 -1.370947e-01 -1.370947e-01 +1.723046e-16 -4.307614e-17 -4.307614e-17 -4.307614e-17 -3.076428e-01 +1.705481e-01 +4.569823e-02 +4.569823e-02 -3.076428e-01 +4.569823e-02 +1.705481e-01 +4.569823e-02 -3.076428e-01 +4.569823e-02 +4.569823e-02 +1.705481e-01 
+0.000000e+00 +0.000000e+00 +0.000000e+00 +0.000000e+00 +0.000000e+00 +0.000000e+00 +0.000000e+00 +0.000000e+00 +0.000000e+00 +0.000000e+00 +0.000000e+00 +0.000000e+00 +0.000000e+00 +0.000000e+00 +0.000000e+00 +0.000000e+00 +0.000000e+00 +0.000000e+00 +0.000000e+00 +0.000000e+00 +0.000000e+00 +0.000000e+00 +0.000000e+00 +0.000000e+00 +0.000000e+00 +0.000000e+00 +0.000000e+00 +0.000000e+00 +0.000000e+00 +0.000000e+00 +1.623657e+00 -5.829752e-01 +2.071694e-01 -5.829752e-01 +2.071694e-01 +2.071694e-01 -5.829752e-01 +2.071694e-01 +2.071694e-01 +2.071694e-01 +5.204170e-18 +4.163336e-17 -2.775558e-17 +3.469447e-17 -6.938894e-17 -1.387779e-17 +2.775558e-17 -5.551115e-17 -1.110223e-16 -1.110223e-16 +4.369025e-02 -6.489887e-03 -6.489887e-03 -6.489887e-03 -7.787865e-02 +1.946966e-02 +1.946966e-02 +1.946966e-02 -1.019439e-01 +5.651471e-02 +1.514307e-02 +1.514307e-02 -1.019439e-01 +1.514307e-02 +5.651471e-02 +1.514307e-02 -1.019439e-01 +1.514307e-02 +1.514307e-02 +5.651471e-02 
+0.000000e+00 +0.000000e+00 +0.000000e+00 +0.000000e+00 +0.000000e+00 +0.000000e+00 +0.000000e+00 +0.000000e+00 +0.000000e+00 +0.000000e+00 +0.000000e+00 +0.000000e+00 +0.000000e+00 +0.000000e+00 +0.000000e+00 +0.000000e+00 +0.000000e+00 +0.000000e+00 +0.000000e+00 +0.000000e+00 +0.000000e+00 +0.000000e+00 +0.000000e+00 +0.000000e+00 +0.000000e+00 +0.000000e+00 +0.000000e+00 +0.000000e+00 +0.000000e+00 +0.000000e+00 +0.000000e+00 -3.160578e-01 -6.321157e-01 -3.160578e-01 -6.321157e-01 -6.321157e-01 +6.321157e-01 +3.160578e-01 +3.160578e-01 +1.264231e+00 +0.000000e+00 -2.081668e-17 +4.163336e-17 -1.040834e-17 +1.318390e-16 +2.081668e-17 +5.551115e-17 -2.775558e-17 +0.000000e+00 +0.000000e+00 -2.416590e-17 +3.589678e-18 +3.589678e-18 +3.589678e-18 +0.000000e+00 +0.000000e+00 +0.000000e+00 +0.000000e+00 -3.076428e-01 +1.705481e-01 +4.569823e-02 +4.569823e-02 -3.076428e-01 +4.569823e-02 +1.705481e-01 +4.569823e-02 +6.152856e-01 -9.139646e-02 -9.139646e-02 -3.410962e-01 
+0.000000e+00 +0.000000e+00 +0.000000e+00 +0.000000e+00 +0.000000e+00 +0.000000e+00 +0.000000e+00 +0.000000e+00 +0.000000e+00 +0.000000e+00 +0.000000e+00 +0.000000e+00 +0.000000e+00 +0.000000e+00 +0.000000e+00 +0.000000e+00 +0.000000e+00 +0.000000e+00 +0.000000e+00 +0.000000e+00 +0.000000e+00 +0.000000e+00 +0.000000e+00 +0.000000e+00 +0.000000e+00 +0.000000e+00 +0.000000e+00 +0.000000e+00 +0.000000e+00 +0.000000e+00 +0.000000e+00 -4.577066e-01 +2.832975e-01 -4.577066e-01 +2.832975e-01 +2.832975e-01 +9.154132e-01 -1.416488e-01 -1.416488e-01 -5.665950e-01 +0.000000e+00 +6.938894e-18 +1.387779e-17 +3.469447e-18 -4.857226e-17 +1.387779e-17 -2.775558e-17 +0.000000e+00 +2.775558e-17 +1.110223e-16 -4.894485e-17 +7.270422e-18 +7.270422e-18 +7.270422e-18 +0.000000e+00 +0.000000e+00 +0.000000e+00 +0.000000e+00 +2.912683e-02 -1.614706e-02 -4.326592e-03 -4.326592e-03 +2.912683e-02 -4.326592e-03 -1.614706e-02 -4.326592e-03 -5.825367e-02 +8.653183e-03 +8.653183e-03 +3.229412e-02 
+0.000000e+00 +0.000000e+00 +0.000000e+00 +0.000000e+00 +0.000000e+00 +0.000000e+00 +0.000000e+00 +0.000000e+00 +0.000000e+00 +0.000000e+00 +0.000000e+00 +0.000000e+00 +0.000000e+00 +0.000000e+00 +0.000000e+00 +0.000000e+00 +0.000000e+00 +0.000000e+00 +0.000000e+00 +0.000000e+00 +0.000000e+00 +0.000000e+00 +0.000000e+00 +0.000000e+00 +0.000000e+00 +0.000000e+00 +0.000000e+00 +0.000000e+00 +0.000000e+00 +0.000000e+00 -4.229340e-02 -5.371966e-04 +2.410041e-01 -5.371966e-04 +2.410041e-01 +2.410041e-01 +8.297520e-02 -4.746240e-01 -4.746240e-01 +8.075992e-01 -8.673617e-19 -4.065758e-20 +0.000000e+00 -6.098637e-20 -2.775558e-17 +0.000000e+00 -6.938894e-18 +2.775558e-17 +1.110223e-16 -1.110223e-16 -7.281709e-02 +1.081648e-02 +1.081648e-02 +1.081648e-02 -4.326592e-02 +1.081648e-02 +1.081648e-02 +1.081648e-02 -4.369025e-02 +2.422059e-02 +6.489887e-03 +6.489887e-03 -4.369025e-02 +6.489887e-03 +2.422059e-02 +6.489887e-03 +1.456342e-02 -2.163296e-03 -2.163296e-03 -8.073530e-03 
+0.000000e+00 +0.000000e+00 +0.000000e+00 +0.000000e+00 +0.000000e+00 +0.000000e+00 +0.000000e+00 +0.000000e+00 +0.000000e+00 +0.000000e+00 +0.000000e+00 +0.000000e+00 +0.000000e+00 +0.000000e+00 +0.000000e+00 +0.000000e+00 +0.000000e+00 +0.000000e+00 +0.000000e+00 +0.000000e+00 +0.000000e+00 +0.000000e+00 +0.000000e+00 +0.000000e+00 +0.000000e+00 +0.000000e+00 +0.000000e+00 +0.000000e+00 +0.000000e+00 +0.000000e+00 +0.000000e+00 +3.160578e-01 +6.321157e-01 -3.160578e-01 +0.000000e+00 -6.321157e-01 +0.000000e+00 +3.160578e-01 -3.160578e-01 +0.000000e+00 +0.000000e+00 -6.938894e-18 -2.775558e-17 +1.734723e-17 +0.000000e+00 -2.081668e-17 +0.000000e+00 +5.551115e-17 -5.551115e-17 +0.000000e+00 +0.000000e+00 +0.000000e+00 +0.000000e+00 +0.000000e+00 +0.000000e+00 +0.000000e+00 +0.000000e+00 +0.000000e+00 -3.076428e-01 +1.705481e-01 +4.569823e-02 +4.569823e-02 +3.076428e-01 -4.569823e-02 -1.705481e-01 -4.569823e-02 +0.000000e+00 +0.000000e+00 +0.000000e+00 +0.000000e+00 
+0.000000e+00 +0.000000e+00 +0.000000e+00 +0.000000e+00 +0.000000e+00 +0.000000e+00 +0.000000e+00 +0.000000e+00 +0.000000e+00 +0.000000e+00 +0.000000e+00 +0.000000e+00 +0.000000e+00 +0.000000e+00 +0.000000e+00 +0.000000e+00 +0.000000e+00 +0.000000e+00 +0.000000e+00 +0.000000e+00 +0.000000e+00 +0.000000e+00 +0.000000e+00 +0.000000e+00 +0.000000e+00 +0.000000e+00 +0.000000e+00 +0.000000e+00 +0.000000e+00 +0.000000e+00 +0.000000e+00 +4.577066e-01 -2.832975e-01 -4.577066e-01 -0.000000e+00 +2.832975e-01 +0.000000e+00 -1.416488e-01 +1.416488e-01 -0.000000e+00 +0.000000e+00 +1.387779e-17 +1.387779e-17 -2.081668e-17 +0.000000e+00 -1.387779e-17 +0.000000e+00 -2.775558e-17 +5.551115e-17 +0.000000e+00 +0.000000e+00 +0.000000e+00 +0.000000e+00 +0.000000e+00 +0.000000e+00 +0.000000e+00 +0.000000e+00 +0.000000e+00 +2.912683e-02 -1.614706e-02 -4.326592e-03 -4.326592e-03 -2.912683e-02 +4.326592e-03 +1.614706e-02 +4.326592e-03 -0.000000e+00 +0.000000e+00 +0.000000e+00 +0.000000e+00 
+0.000000e+00 +0.000000e+00 +0.000000e+00 +0.000000e+00 +0.000000e+00 +0.000000e+00 +0.000000e+00 +0.000000e+00 +0.000000e+00 +0.000000e+00 +0.000000e+00 +0.000000e+00 +0.000000e+00 +0.000000e+00 +0.000000e+00 +0.000000e+00 +0.000000e+00 +0.000000e+00 +0.000000e+00 +0.000000e+00 +0.000000e+00 +0.000000e+00 +0.000000e+00 +0.000000e+00 +0.000000e+00 +0.000000e+00 +0.000000e+00 +0.000000e+00 +0.000000e+00 +0.000000e+00 +0.000000e+00 -4.175620e-02 -2.832975e-01 +4.175620e-02 -0.000000e+00 +2.832975e-01 +0.000000e+00 +3.578140e-01 -3.578140e-01 +0.000000e+00 +0.000000e+00 +2.602085e-18 +2.775558e-17 -3.035766e-18 +0.000000e+00 -2.081668e-17 +0.000000e+00 +2.775558e-17 -5.551115e-17 +0.000000e+00 +0.000000e+00 +0.000000e+00 +0.000000e+00 +0.000000e+00 +0.000000e+00 +0.000000e+00 +0.000000e+00 +0.000000e+00 +2.912683e-02 -1.614706e-02 -4.326592e-03 -4.326592e-03 -2.912683e-02 +4.326592e-03 +1.614706e-02 +4.326592e-03 +0.000000e+00 +0.000000e+00 +0.000000e+00 +0.000000e+00 
+0.000000e+00 +0.000000e+00 +0.000000e+00 +0.000000e+00 +0.000000e+00 +0.000000e+00 +0.000000e+00 +0.000000e+00 +0.000000e+00 +0.000000e+00 +0.000000e+00 +0.000000e+00 +0.000000e+00 +0.000000e+00 +0.000000e+00 +0.000000e+00 +0.000000e+00 +0.000000e+00 +0.000000e+00 +0.000000e+00 +0.000000e+00 +0.000000e+00 +0.000000e+00 +0.000000e+00 +0.000000e+00 +0.000000e+00 +0.000000e+00 +0.000000e+00 +0.000000e+00 +0.000000e+00 -1.691736e-02 +2.483884e-02 +2.663802e-01 +2.483884e-02 -3.329752e-01 +2.663802e-01 -1.691736e-02 +2.483884e-02 +2.483884e-02 -1.691736e-02 -4.336809e-19 +1.734723e-18 -6.938894e-18 +1.734723e-18 +3.469447e-18 +6.938894e-18 -1.734723e-18 -1.734723e-18 -3.469447e-18 +0.000000e+00 -2.912683e-02 +4.326592e-03 +4.326592e-03 +4.326592e-03 -1.730637e-02 +4.326592e-03 +4.326592e-03 +4.326592e-03 +3.269026e-17 -1.812252e-17 -4.855914e-18 -4.855914e-18 +3.269026e-17 -4.855914e-18 -1.812252e-17 -4.855914e-18 -2.912683e-02 +4.326592e-03 +4.326592e-03 +1.614706e-02 
+0.000000e+00 +0.000000e+00 +0.000000e+00 +0.000000e+00 +0.000000e+00 +0.000000e+00 +0.000000e+00 +0.000000e+00 +0.000000e+00 +0.000000e+00 +0.000000e+00 +0.000000e+00 +0.000000e+00 +0.000000e+00 +0.000000e+00 +0.000000e+00 +0.000000e+00 +0.000000e+00 +0.000000e+00 +0.000000e+00 +0.000000e+00 +0.000000e+00 +0.000000e+00 +0.000000e+00 +0.000000e+00 +0.000000e+00 +0.000000e+00 +0.000000e+00 +0.000000e+00 +0.000000e+00 +0.000000e+00 +0.000000e+00 +0.000000e+00 +0.000000e+00 +0.000000e+00 +0.000000e+00 +0.000000e+00 +0.000000e+00 +0.000000e+00 +0.000000e+00 -5.551115e-17 -5.551115e-17 +0.000000e+00 -5.551115e-17 +0.000000e+00 +5.551115e-17 -5.551115e-17 +0.000000e+00 +1.110223e-16 +1.110223e-16 -6.242494e-02 -6.242494e-02 -6.242494e-02 -6.242494e-02 -6.242494e-02 -1.672671e-02 -1.672671e-02 -1.672671e-02 -1.672671e-02 -6.242494e-02 -1.672671e-02 -1.672671e-02 -1.672671e-02 -1.672671e-02 -6.242494e-02 -1.672671e-02 -1.672671e-02 -1.672671e-02 -1.672671e-02 -6.242494e-02 
+0.000000e+00 +0.000000e+00 +0.000000e+00 +0.000000e+00 +0.000000e+00 +0.000000e+00 +0.000000e+00 +0.000000e+00 +0.000000e+00 +0.000000e+00 +0.000000e+00 +0.000000e+00 +0.000000e+00 +0.000000e+00 +0.000000e+00 +0.000000e+00 +0.000000e+00 +0.000000e+00 +0.000000e+00 +0.000000e+00 +0.000000e+00 +0.000000e+00 +0.000000e+00 +0.000000e+00 +0.000000e+00 +0.000000e+00 +0.000000e+00 +0.000000e+00 +0.000000e+00 +0.000000e+00 +0.000000e+00 +0.000000e+00 +0.000000e+00 +0.000000e+00 +0.000000e+00 +0.000000e+00 +0.000000e+00 +0.000000e+00 +0.000000e+00 +0.000000e+00 +6.938894e-18 +6.938894e-18 -6.938894e-18 +6.938894e-18 -6.938894e-18 -6.245005e-17 +6.938894e-18 -6.938894e-18 -1.387779e-16 -1.387779e-16 -1.290212e-02 -1.290212e-02 -1.290212e-02 -1.290212e-02 +4.224112e-02 +1.131847e-02 +1.131847e-02 +1.131847e-02 +1.131847e-02 +4.224112e-02 +1.131847e-02 +1.131847e-02 +1.131847e-02 +1.131847e-02 +4.224112e-02 +1.131847e-02 +1.131847e-02 +1.131847e-02 +1.131847e-02 +4.224112e-02 
+0.000000e+00 +0.000000e+00 +0.000000e+00 +0.000000e+00 +0.000000e+00 +0.000000e+00 +0.000000e+00 +0.000000e+00 +0.000000e+00 +0.000000e+00 +0.000000e+00 +0.000000e+00 +0.000000e+00 +0.000000e+00 +0.000000e+00 +0.000000e+00 +0.000000e+00 +0.000000e+00 +0.000000e+00 +0.000000e+00 +0.000000e+00 +0.000000e+00 +0.000000e+00 +0.000000e+00 +0.000000e+00 +0.000000e+00 +0.000000e+00 +0.000000e+00 +0.000000e+00 +0.000000e+00 +0.000000e+00 +0.000000e+00 +0.000000e+00 +0.000000e+00 +0.000000e+00 +0.000000e+00 +0.000000e+00 +0.000000e+00 +0.000000e+00 +0.000000e+00 +3.508947e-17 +3.508947e-17 -0.000000e+00 +3.508947e-17 -0.000000e+00 -3.508947e-17 -3.508947e-17 +0.000000e+00 +7.017894e-17 +2.105368e-16 +0.000000e+00 +0.000000e+00 +0.000000e+00 +0.000000e+00 +2.205729e-02 +5.910234e-03 +5.910234e-03 +5.910234e-03 +5.910234e-03 +2.205729e-02 +5.910234e-03 +5.910234e-03 +5.910234e-03 +5.910234e-03 +2.205729e-02 +5.910234e-03 -1.773070e-02 -1.773070e-02 -1.773070e-02 -6.617188e-02 
+0.000000e+00 +0.000000e+00 +0.000000e+00 +0.000000e+00 +0.000000e+00 +0.000000e+00 +0.000000e+00 +0.000000e+00 +0.000000e+00 +0.000000e+00 +0.000000e+00 +0.000000e+00 +0.000000e+00 +0.000000e+00 +0.000000e+00 +0.000000e+00 +0.000000e+00 +0.000000e+00 +0.000000e+00 +0.000000e+00 +0.000000e+00 +0.000000e+00 +0.000000e+00 +0.000000e+00 +0.000000e+00 +0.000000e+00 +0.000000e+00 +0.000000e+00 +0.000000e+00 +0.000000e+00 +0.000000e+00 +0.000000e+00 +0.000000e+00 +0.000000e+00 +0.000000e+00 +0.000000e+00 +0.000000e+00 +0.000000e+00 +0.000000e+00 +0.000000e+00 +3.508947e-17 +3.508947e-17 -0.000000e+00 -1.754473e-17 +0.000000e+00 +7.017894e-17 +1.754473e-17 -0.000000e+00 +7.017894e-17 +0.000000e+00 +1.732640e-18 +1.732640e-18 +1.732640e-18 +1.732640e-18 +2.205729e-02 +5.910234e-03 +5.910234e-03 +5.910234e-03 +5.910234e-03 +2.205729e-02 +5.910234e-03 +5.910234e-03 -1.182047e-02 -1.182047e-02 -4.411459e-02 -1.182047e-02 +0.000000e+00 +0.000000e+00 +0.000000e+00 +0.000000e+00 
+0.000000e+00 +0.000000e+00 +0.000000e+00 +0.000000e+00 +0.000000e+00 +0.000000e+00 +0.000000e+00 +0.000000e+00 +0.000000e+00 +0.000000e+00 +0.000000e+00 +0.000000e+00 +0.000000e+00 +0.000000e+00 +0.000000e+00 +0.000000e+00 +0.000000e+00 +0.000000e+00 +0.000000e+00 +0.000000e+00 +0.000000e+00 +0.000000e+00 +0.000000e+00 +0.000000e+00 +0.000000e+00 +0.000000e+00 +0.000000e+00 +0.000000e+00 +0.000000e+00 +0.000000e+00 +0.000000e+00 +0.000000e+00 +0.000000e+00 +0.000000e+00 +0.000000e+00 +0.000000e+00 +0.000000e+00 +0.000000e+00 +0.000000e+00 +0.000000e+00 +3.508947e-17 -0.000000e+00 +0.000000e+00 +1.754473e-17 +0.000000e+00 +0.000000e+00 +1.754473e-17 +0.000000e+00 +0.000000e+00 +0.000000e+00 +0.000000e+00 +0.000000e+00 +0.000000e+00 +0.000000e+00 +2.205729e-02 +5.910234e-03 +5.910234e-03 +5.910234e-03 -5.910234e-03 -2.205729e-02 -5.910234e-03 -5.910234e-03 +0.000000e+00 +0.000000e+00 +0.000000e+00 +0.000000e+00 +0.000000e+00 +0.000000e+00 +0.000000e+00 +0.000000e+00 
+0.000000e+00 +0.000000e+00 +0.000000e+00 +0.000000e+00 +0.000000e+00 +0.000000e+00 +0.000000e+00 +0.000000e+00 +0.000000e+00 +0.000000e+00 +0.000000e+00 +0.000000e+00 +0.000000e+00 +0.000000e+00 +0.000000e+00 +0.000000e+00 +0.000000e+00 +0.000000e+00 +0.000000e+00 +0.000000e+00 +0.000000e+00 +0.000000e+00 +0.000000e+00 +0.000000e+00 +0.000000e+00 +0.000000e+00 +0.000000e+00 +0.000000e+00 +0.000000e+00 +0.000000e+00 +0.000000e+00 +0.000000e+00 +0.000000e+00 +0.000000e+00 +0.000000e+00 +0.000000e+00 +0.000000e+00 +0.000000e+00 +0.000000e+00 +0.000000e+00 +2.775558e-17 +4.163336e-17 -3.469447e-18 +3.469447e-17 -8.673617e-18 -8.673617e-18 +2.775558e-17 -6.938894e-18 -2.775558e-17 -2.775558e-17 +1.126051e-01 -1.672671e-02 -1.672671e-02 -1.672671e-02 +2.496998e-01 -6.242494e-02 -6.242494e-02 -6.242494e-02 +1.126051e-01 -6.242494e-02 -1.672671e-02 -1.672671e-02 +1.126051e-01 -1.672671e-02 -6.242494e-02 -1.672671e-02 +1.126051e-01 -1.672671e-02 -1.672671e-02 -6.242494e-02 
+0.000000e+00 +0.000000e+00 +0.000000e+00 +0.000000e+00 +0.000000e+00 +0.000000e+00 +0.000000e+00 +0.000000e+00 +0.000000e+00 +0.000000e+00 +0.000000e+00 +0.000000e+00 +0.000000e+00 +0.000000e+00 +0.000000e+00 +0.000000e+00 +0.000000e+00 +0.000000e+00 +0.000000e+00 +0.000000e+00 +0.000000e+00 +0.000000e+00 +0.000000e+00 +0.000000e+00 +0.000000e+00 +0.000000e+00 +0.000000e+00 +0.000000e+00 +0.000000e+00 +0.000000e+00 -6.938894e-18 -6.938894e-18 -6.938894e-18 -6.938894e-18 -6.938894e-18 -6.938894e-18 -6.938894e-18 -6.938894e-18 -6.938894e-18 -6.938894e-18 +4.163336e-17 +6.505213e-19 -8.673617e-18 +9.757820e-19 -8.673617e-19 -1.127570e-17 +8.673617e-19 +0.000000e+00 +6.938894e-18 +0.000000e+00 -7.619654e-02 +1.131847e-02 +1.131847e-02 +1.131847e-02 +5.160846e-02 -1.290212e-02 -1.290212e-02 -1.290212e-02 -7.619654e-02 +4.224112e-02 +1.131847e-02 +1.131847e-02 -7.619654e-02 +1.131847e-02 +4.224112e-02 +1.131847e-02 -7.619654e-02 +1.131847e-02 +1.131847e-02 +4.224112e-02 
+0.000000e+00 +0.000000e+00 +0.000000e+00 +0.000000e+00 +0.000000e+00 +0.000000e+00 +0.000000e+00 +0.000000e+00 +0.000000e+00 +0.000000e+00 +0.000000e+00 +0.000000e+00 +0.000000e+00 +0.000000e+00 +0.000000e+00 +0.000000e+00 +0.000000e+00 +0.000000e+00 +0.000000e+00 +0.000000e+00 +0.000000e+00 +0.000000e+00 +0.000000e+00 +0.000000e+00 +0.000000e+00 +0.000000e+00 +0.000000e+00 +0.000000e+00 +0.000000e+00 +0.000000e+00 +0.000000e+00 +0.000000e+00 -0.000000e+00 +0.000000e+00 -0.000000e+00 -0.000000e+00 +0.000000e+00 -0.000000e+00 -0.000000e+00 -0.000000e+00 -1.387779e-17 -2.081668e-17 +0.000000e+00 -1.734723e-17 -3.469447e-18 -8.673617e-19 -1.387779e-17 -6.938894e-18 +1.387779e-17 +1.387779e-17 +1.193640e-01 -1.773070e-02 -1.773070e-02 -1.773070e-02 +8.316673e-17 -2.079168e-17 -2.079168e-17 -2.079168e-17 -3.978800e-02 +2.205729e-02 +5.910234e-03 +5.910234e-03 -3.978800e-02 +5.910234e-03 +2.205729e-02 +5.910234e-03 -3.978800e-02 +5.910234e-03 +5.910234e-03 +2.205729e-02 
+0.000000e+00 +0.000000e+00 +0.000000e+00 +0.000000e+00 +0.000000e+00 +0.000000e+00 +0.000000e+00 +0.000000e+00 +0.000000e+00 +0.000000e+00 +0.000000e+00 +0.000000e+00 +0.000000e+00 +0.000000e+00 +0.000000e+00 +0.000000e+00 +0.000000e+00 +0.000000e+00 +0.000000e+00 +0.000000e+00 +0.000000e+00 +0.000000e+00 +0.000000e+00 +0.000000e+00 +0.000000e+00 +0.000000e+00 +0.000000e+00 +0.000000e+00 +0.000000e+00 +0.000000e+00 +0.000000e+00 -0.000000e+00 -0.000000e+00 -0.000000e+00 -0.000000e+00 -0.000000e+00 +0.000000e+00 +0.000000e+00 +0.000000e+00 +0.000000e+00 +0.000000e+00 +0.000000e+00 +0.000000e+00 +3.469447e-18 +0.000000e+00 +0.000000e+00 -1.387779e-17 -3.469447e-18 -6.938894e-18 -1.387779e-17 -3.125419e-18 +4.642595e-19 +4.642595e-19 +4.642595e-19 +0.000000e+00 +0.000000e+00 +0.000000e+00 +0.000000e+00 -3.978800e-02 +2.205729e-02 +5.910234e-03 +5.910234e-03 -3.978800e-02 +5.910234e-03 +2.205729e-02 +5.910234e-03 +7.957599e-02 -1.182047e-02 -1.182047e-02 -4.411459e-02 
+0.000000e+00 +0.000000e+00 +0.000000e+00 +0.000000e+00 +0.000000e+00 +0.000000e+00 +0.000000e+00 +0.000000e+00 +0.000000e+00 +0.000000e+00 +0.000000e+00 +0.000000e+00 +0.000000e+00 +0.000000e+00 +0.000000e+00 +0.000000e+00 +0.000000e+00 +0.000000e+00 +0.000000e+00 +0.000000e+00 +0.000000e+00 +0.000000e+00 +0.000000e+00 +0.000000e+00 +0.000000e+00 +0.000000e+00 +0.000000e+00 +0.000000e+00 +0.000000e+00 +0.000000e+00 +0.000000e+00 +0.000000e+00 +0.000000e+00 -0.000000e+00 +0.000000e+00 -0.000000e+00 +0.000000e+00 +0.000000e+00 -0.000000e+00 +0.000000e+00 +0.000000e+00 +0.000000e+00 -1.734723e-18 -3.469447e-18 +0.000000e+00 +0.000000e+00 +0.000000e+00 +0.000000e+00 -3.469447e-18 +0.000000e+00 +0.000000e+00 +0.000000e+00 +0.000000e+00 +0.000000e+00 +0.000000e+00 +0.000000e+00 +0.000000e+00 +0.000000e+00 -3.978800e-02 +2.205729e-02 +5.910234e-03 +5.910234e-03 +3.978800e-02 -5.910234e-03 -2.205729e-02 -5.910234e-03 +0.000000e+00 +0.000000e+00 +0.000000e+00 +0.000000e+00 
+0.000000e+00 +0.000000e+00 +0.000000e+00 +0.000000e+00 +0.000000e+00 +0.000000e+00 +0.000000e+00 +0.000000e+00 +0.000000e+00 +0.000000e+00 +0.000000e+00 +0.000000e+00 +0.000000e+00 +0.000000e+00 +0.000000e+00 +0.000000e+00 +0.000000e+00 +0.000000e+00 +0.000000e+00 +0.000000e+00 +0.000000e+00 +0.000000e+00 +0.000000e+00 +0.000000e+00 +0.000000e+00 +0.000000e+00 +0.000000e+00 +0.000000e+00 +0.000000e+00 +0.000000e+00 +0.000000e+00 +0.000000e+00 +0.000000e+00 +0.000000e+00 +0.000000e+00 +0.000000e+00 +0.000000e+00 +0.000000e+00 +0.000000e+00 +0.000000e+00 -3.469447e-18 +4.163336e-17 +0.000000e+00 +5.204170e-18 +3.469447e-17 -8.673617e-18 +6.938894e-18 +2.775558e-17 -1.387779e-17 -2.775558e-17 -1.672671e-02 +1.126051e-01 -1.672671e-02 -1.672671e-02 -6.242494e-02 +1.126051e-01 -1.672671e-02 -1.672671e-02 -6.242494e-02 +2.496998e-01 -6.242494e-02 -6.242494e-02 -1.672671e-02 +1.126051e-01 -6.242494e-02 -1.672671e-02 -1.672671e-02 +1.126051e-01 -1.672671e-02 -6.242494e-02 
+0.000000e+00 +0.000000e+00 +0.000000e+00 +0.000000e+00 +0.000000e+00 +0.000000e+00 +0.000000e+00 +0.000000e+00 +0.000000e+00 +0.000000e+00 +0.000000e+00 +0.000000e+00 +0.000000e+00 +0.000000e+00 +0.000000e+00 +0.000000e+00 +0.000000e+00 +0.000000e+00 +0.000000e+00 +0.000000e+00 -6.938894e-18 -6.938894e-18 -6.938894e-18 -6.938894e-18 -6.938894e-18 -6.938894e-18 -6.938894e-18 -6.938894e-18 -6.938894e-18 -6.938894e-18 +0.000000e+00 +0.000000e+00 +0.000000e+00 +0.000000e+00 +0.000000e+00 +0.000000e+00 +0.000000e+00 +0.000000e+00 +0.000000e+00 +0.000000e+00 -8.673617e-18 +6.505213e-19 +1.387779e-17 -8.673617e-19 +9.757820e-19 -1.127570e-17 +0.000000e+00 +8.673617e-19 -6.938894e-18 +1.387779e-17 +1.131847e-02 -7.619654e-02 +1.131847e-02 +1.131847e-02 +4.224112e-02 -7.619654e-02 +1.131847e-02 +1.131847e-02 -1.290212e-02 +5.160846e-02 -1.290212e-02 -1.290212e-02 +1.131847e-02 -7.619654e-02 +4.224112e-02 +1.131847e-02 +1.131847e-02 -7.619654e-02 +1.131847e-02 +4.224112e-02 
+0.000000e+00 +0.000000e+00 +0.000000e+00 +0.000000e+00 +0.000000e+00 +0.000000e+00 +0.000000e+00 +0.000000e+00 +0.000000e+00 +0.000000e+00 +0.000000e+00 +0.000000e+00 +0.000000e+00 +0.000000e+00 +0.000000e+00 +0.000000e+00 +0.000000e+00 +0.000000e+00 +0.000000e+00 +0.000000e+00 -0.000000e+00 +0.000000e+00 +0.000000e+00 -0.000000e+00 +0.000000e+00 -0.000000e+00 -0.000000e+00 +0.000000e+00 -0.000000e+00 -0.000000e+00 +0.000000e+00 +0.000000e+00 +0.000000e+00 +0.000000e+00 +0.000000e+00 +0.000000e+00 +0.000000e+00 +0.000000e+00 +0.000000e+00 +0.000000e+00 +2.081668e-17 +1.387779e-17 +0.000000e+00 +0.000000e+00 -1.040834e-17 +3.469447e-18 +0.000000e+00 -1.387779e-17 +6.938894e-18 +6.938894e-18 +5.910234e-03 -3.978800e-02 +5.910234e-03 +5.910234e-03 -6.617188e-02 +1.193640e-01 -1.773070e-02 -1.773070e-02 +6.930561e-18 -2.772224e-17 +6.930561e-18 +6.930561e-18 +5.910234e-03 -3.978800e-02 +2.205729e-02 +5.910234e-03 +5.910234e-03 -3.978800e-02 +5.910234e-03 +2.205729e-02 
+0.000000e+00 +0.000000e+00 +0.000000e+00 +0.000000e+00 +0.000000e+00 +0.000000e+00 +0.000000e+00 +0.000000e+00 +0.000000e+00 +0.000000e+00 +0.000000e+00 +0.000000e+00 +0.000000e+00 +0.000000e+00 +0.000000e+00 +0.000000e+00 +0.000000e+00 +0.000000e+00 +0.000000e+00 +0.000000e+00 +0.000000e+00 +0.000000e+00 -0.000000e+00 +0.000000e+00 -0.000000e+00 -0.000000e+00 +0.000000e+00 -0.000000e+00 -0.000000e+00 -0.000000e+00 +0.000000e+00 +0.000000e+00 +0.000000e+00 +0.000000e+00 +0.000000e+00 +0.000000e+00 +0.000000e+00 +0.000000e+00 +0.000000e+00 +0.000000e+00 -8.673617e-19 -1.734723e-18 +0.000000e+00 -2.602085e-18 -1.734723e-17 -1.214306e-17 -3.469447e-18 -1.387779e-17 -6.938894e-18 +1.387779e-17 -1.182047e-02 +7.957599e-02 -1.182047e-02 -1.182047e-02 -1.386112e-17 +2.500335e-17 -3.714076e-18 -3.714076e-18 -1.386112e-17 +5.544449e-17 -1.386112e-17 -1.386112e-17 +5.910234e-03 -3.978800e-02 +2.205729e-02 +5.910234e-03 +5.910234e-03 -3.978800e-02 +5.910234e-03 +2.205729e-02 
+0.000000e+00 +0.000000e+00 +0.000000e+00 +0.000000e+00 +0.000000e+00 +0.000000e+00 +0.000000e+00 +0.000000e+00 +0.000000e+00 +0.000000e+00 +0.000000e+00 +0.000000e+00 +0.000000e+00 +0.000000e+00 +0.000000e+00 +0.000000e+00 +0.000000e+00 +0.000000e+00 +0.000000e+00 +0.000000e+00 +0.000000e+00 +0.000000e+00 +0.000000e+00 -0.000000e+00 -0.000000e+00 -0.000000e+00 +0.000000e+00 +0.000000e+00 +0.000000e+00 +0.000000e+00 +0.000000e+00 +0.000000e+00 +0.000000e+00 +0.000000e+00 +0.000000e+00 +0.000000e+00 +0.000000e+00 +0.000000e+00 +0.000000e+00 +0.000000e+00 +0.000000e+00 +0.000000e+00 +0.000000e+00 +0.000000e+00 +3.469447e-18 -8.673617e-19 +0.000000e+00 -6.938894e-18 +0.000000e+00 -1.387779e-17 +0.000000e+00 +0.000000e+00 +0.000000e+00 +0.000000e+00 +0.000000e+00 +0.000000e+00 +0.000000e+00 +0.000000e+00 +0.000000e+00 +0.000000e+00 +0.000000e+00 +0.000000e+00 +5.910234e-03 -3.978800e-02 +2.205729e-02 +5.910234e-03 -5.910234e-03 +3.978800e-02 -5.910234e-03 -2.205729e-02 
+0.000000e+00 +0.000000e+00 +0.000000e+00 +0.000000e+00 +0.000000e+00 +0.000000e+00 +0.000000e+00 +0.000000e+00 +0.000000e+00 +0.000000e+00 +0.000000e+00 +0.000000e+00 +0.000000e+00 +0.000000e+00 +0.000000e+00 +0.000000e+00 +0.000000e+00 +0.000000e+00 +0.000000e+00 +0.000000e+00 +0.000000e+00 +0.000000e+00 +0.000000e+00 +0.000000e+00 +0.000000e+00 +0.000000e+00 +0.000000e+00 +0.000000e+00 +0.000000e+00 +0.000000e+00 +0.000000e+00 +0.000000e+00 +0.000000e+00 +0.000000e+00 +0.000000e+00 +0.000000e+00 +0.000000e+00 +0.000000e+00 +0.000000e+00 +0.000000e+00 -8.673617e-18 +5.204170e-18 -8.673617e-18 +3.469447e-17 +3.469447e-17 -5.551115e-17 +2.081668e-17 -6.938894e-18 -8.326673e-17 +0.000000e+00 -1.672671e-02 -1.672671e-02 +1.126051e-01 -1.672671e-02 -6.242494e-02 -1.672671e-02 +1.126051e-01 -1.672671e-02 -1.672671e-02 -6.242494e-02 +1.126051e-01 -1.672671e-02 -6.242494e-02 -6.242494e-02 +2.496998e-01 -6.242494e-02 -1.672671e-02 -1.672671e-02 +1.126051e-01 -6.242494e-02 
+0.000000e+00 +0.000000e+00 +0.000000e+00 +0.000000e+00 +0.000000e+00 +0.000000e+00 +0.000000e+00 +0.000000e+00 +0.000000e+00 +0.000000e+00 -6.938894e-18 -6.938894e-18 -6.938894e-18 -6.938894e-18 -6.938894e-18 -6.938894e-18 -6.938894e-18 -6.938894e-18 -6.938894e-18 -6.938894e-18 +0.000000e+00 +0.000000e+00 +0.000000e+00 +0.000000e+00 +0.000000e+00 +0.000000e+00 +0.000000e+00 +0.000000e+00 +0.000000e+00 +0.000000e+00 +0.000000e+00 +0.000000e+00 +0.000000e+00 +0.000000e+00 +0.000000e+00 +0.000000e+00 +0.000000e+00 +0.000000e+00 +0.000000e+00 +0.000000e+00 -1.127570e-17 -4.336809e-18 -1.127570e-17 +5.421011e-19 +5.421011e-19 -2.081668e-17 -1.734723e-17 -3.469447e-18 -1.301043e-18 -6.938894e-18 +1.131847e-02 +1.131847e-02 -7.619654e-02 +1.131847e-02 +4.224112e-02 +1.131847e-02 -7.619654e-02 +1.131847e-02 +1.131847e-02 +4.224112e-02 -7.619654e-02 +1.131847e-02 -1.290212e-02 -1.290212e-02 +5.160846e-02 -1.290212e-02 +1.131847e-02 +1.131847e-02 -7.619654e-02 +4.224112e-02 
+0.000000e+00 +0.000000e+00 +0.000000e+00 +0.000000e+00 +0.000000e+00 +0.000000e+00 +0.000000e+00 +0.000000e+00 +0.000000e+00 +0.000000e+00 -0.000000e+00 +0.000000e+00 +0.000000e+00 -0.000000e+00 +0.000000e+00 -0.000000e+00 -0.000000e+00 +0.000000e+00 -0.000000e+00 -0.000000e+00 +0.000000e+00 +0.000000e+00 +0.000000e+00 +0.000000e+00 +0.000000e+00 +0.000000e+00 +0.000000e+00 +0.000000e+00 +0.000000e+00 +0.000000e+00 +0.000000e+00 +0.000000e+00 +0.000000e+00 +0.000000e+00 +0.000000e+00 +0.000000e+00 +0.000000e+00 +0.000000e+00 +0.000000e+00 +0.000000e+00 -3.469447e-18 +3.469447e-18 +2.428613e-17 -1.040834e-17 +6.938894e-18 -3.469447e-18 -1.040834e-17 -3.469447e-18 +2.081668e-17 +0.000000e+00 +5.910234e-03 +5.910234e-03 -3.978800e-02 +5.910234e-03 +2.205729e-02 +5.910234e-03 -3.978800e-02 +5.910234e-03 -1.773070e-02 -6.617188e-02 +1.193640e-01 -1.773070e-02 +6.930561e-18 +6.930561e-18 -2.772224e-17 +6.930561e-18 +5.910234e-03 +5.910234e-03 -3.978800e-02 +2.205729e-02 
+0.000000e+00 +0.000000e+00 +0.000000e+00 +0.000000e+00 +0.000000e+00 +0.000000e+00 +0.000000e+00 +0.000000e+00 +0.000000e+00 +0.000000e+00 -0.000000e+00 -0.000000e+00 +0.000000e+00 +0.000000e+00 +0.000000e+00 +0.000000e+00 -0.000000e+00 -0.000000e+00 +0.000000e+00 -0.000000e+00 +0.000000e+00 +0.000000e+00 +0.000000e+00 +0.000000e+00 +0.000000e+00 +0.000000e+00 +0.000000e+00 +0.000000e+00 +0.000000e+00 +0.000000e+00 +0.000000e+00 +0.000000e+00 +0.000000e+00 +0.000000e+00 +0.000000e+00 +0.000000e+00 +0.000000e+00 +0.000000e+00 +0.000000e+00 +0.000000e+00 +3.469447e-18 +3.469447e-18 +5.421011e-19 +1.734723e-17 +3.035766e-18 -3.469447e-18 +6.938894e-18 +0.000000e+00 +1.387779e-17 +0.000000e+00 +5.910234e-03 +5.910234e-03 -3.978800e-02 +5.910234e-03 -4.411459e-02 -1.182047e-02 +7.957599e-02 -1.182047e-02 +1.857038e-18 +6.930561e-18 -1.250168e-17 +1.857038e-18 +6.930561e-18 +6.930561e-18 -2.772224e-17 +6.930561e-18 +5.910234e-03 +5.910234e-03 -3.978800e-02 +2.205729e-02 
+0.000000e+00 +0.000000e+00 +0.000000e+00 +0.000000e+00 +0.000000e+00 +0.000000e+00 +0.000000e+00 +0.000000e+00 +0.000000e+00 +0.000000e+00 +0.000000e+00 +0.000000e+00 +0.000000e+00 +0.000000e+00 -0.000000e+00 -0.000000e+00 +0.000000e+00 -0.000000e+00 -0.000000e+00 -0.000000e+00 +0.000000e+00 +0.000000e+00 +0.000000e+00 +0.000000e+00 +0.000000e+00 +0.000000e+00 +0.000000e+00 +0.000000e+00 +0.000000e+00 +0.000000e+00 +0.000000e+00 +0.000000e+00 +0.000000e+00 +0.000000e+00 +0.000000e+00 +0.000000e+00 +0.000000e+00 +0.000000e+00 +0.000000e+00 +0.000000e+00 -2.168404e-19 -1.084202e-18 -5.421011e-19 -1.301043e-18 -3.035766e-18 +3.469447e-18 -6.938894e-18 +0.000000e+00 +1.387779e-17 -6.938894e-18 -5.910234e-03 -5.910234e-03 +3.978800e-02 -5.910234e-03 -6.930561e-18 -1.857038e-18 +1.250168e-17 -1.857038e-18 -1.857038e-18 -6.930561e-18 +1.250168e-17 -1.857038e-18 -6.930561e-18 -6.930561e-18 +2.772224e-17 -6.930561e-18 +5.910234e-03 +5.910234e-03 -3.978800e-02 +2.205729e-02 
