+0.000000e+00 +0.000000e+00 +0.000000e+00 +0.000000e+00 +0.000000e+00 +0.000000e+00 +0.000000e+00 +0.000000e+00 +0.000000e+00 +0.000000e+00 +0.000000e+00 +0.000000e+00 +0.000000e+00 +0.000000e+00 +0.000000e+00 +0.000000e+00 +1.000000e+00 +1.000000e+00 +1.000000e+00 +1.000000e+00 -2.000000e-01 -2.000000e-01 -2.000000e-01 -2.000000e-01 
+0.000000e+00 +0.000000e+00 +0.000000e+00 +0.000000e+00 +0.000000e+00 +0.000000e+00 +0.000000e+00 +0.000000e+00 +0.000000e+00 +0.000000e+00 +0.000000e+00 +0.000000e+00 +0.000000e+00 +0.000000e+00 +0.000000e+00 +0.000000e+00 -4.058274e-01 -4.058274e-01 -4.058274e-01 +1.217482e+00 +0.000000e+00 +0.000000e+00 +0.000000e+00 +0.000000e+00 
+0.000000e+00 +0.000000e+00 +0.000000e+00 +0.000000e+00 +0.000000e+00 +0.000000e+00 +0.000000e+00 +0.000000e+00 +0.000000e+00 +0.000000e+00 +0.000000e+00 +0.000000e+00 +0.000000e+00 +0.000000e+00 +0.000000e+00 +0.000000e+00 -4.058274e-01 -4.058274e-01 +8.116548e-01 +2.775558e-17 +1.110223e-17 +1.110223e-17 +1.110223e-17 +1.110223e-17 
+0.000000e+00 +0.000000e+00 +0.000000e+00 +0.000000e+00 +0.000000e+00 +0.000000e+00 +0.000000e+00 +0.000000e+00 +0.000000e+00 +0.000000e+00 +0.000000e+00 +0.000000e+00 +0.000000e+00 +0.000000e+00 +0.000000e+00 +0.000000e+00 -4.058274e-01 +4.058274e-01 +0.000000e+00 +0.000000e+00 +0.000000e+00 +0.000000e+00 +0.000000e+00 +0.000000e+00 
+1.000000e+00 +1.000000e+00 +1.000000e+00 +1.000000e+00 +0.000000e+00 +0.000000e+00 +0.000000e+00 +0.000000e+00 +0.000000e+00 +0.000000e+00 +0.000000e+00 +0.000000e+00 +0.000000e+00 +0.000000e+00 +0.000000e+00 +0.000000e+00 -1.110223e-16 +1.110223e-16 -1.110223e-16 +0.000000e+00 -2.000000e-01 -2.000000e-01 -2.000000e-01 +8.000000e-01 
+1.217482e+00 -4.058274e-01 -4.058274e-01 -4.058274e-01 +0.000000e+00 +0.000000e+00 +0.000000e+00 +0.000000e+00 +0.000000e+00 +0.000000e+00 +0.000000e+00 +0.000000e+00 +0.000000e+00 +0.000000e+00 +0.000000e+00 +0.000000e+00 +1.110223e-16 -1.110223e-16 +1.110223e-16 +0.000000e+00 -2.220446e-17 -2.220446e-17 -2.220446e-17 +8.881784e-17 
+2.775558e-17 -4.058274e-01 +8.116548e-01 -4.058274e-01 +0.000000e+00 +0.000000e+00 +0.000000e+00 +0.000000e+00 +0.000000e+00 +0.000000e+00 +0.000000e+00 +0.000000e+00 +0.000000e+00 +0.000000e+00 +0.000000e+00 +0.000000e+00 +5.551115e-17 +0.000000e+00 +0.000000e+00 +0.000000e+00 +1.110223e-17 +1.110223e-17 +1.110223e-17 -4.440892e-17 
+0.000000e+00 -4.058274e-01 +0.000000e+00 +4.058274e-01 +0.000000e+00 +0.000000e+00 +0.000000e+00 +0.000000e+00 +0.000000e+00 +0.000000e+00 +0.000000e+00 +0.000000e+00 +0.000000e+00 +0.000000e+00 +0.000000e+00 +0.000000e+00 +5.551115e-17 +0.000000e+00 +0.000000e+00 +0.000000e+00 +0.000000e+00 +0.000000e+00 +0.000000e+00 +0.000000e+00 
+0.000000e+00 +0.000000e+00 +0.000000e+00 +0.000000e+00 +1.000000e+00 +1.000000e+00 +1.000000e+00 +1.000000e+00 +0.000000e+00 +0.000000e+00 +0.000000e+00 +0.000000e+00 +0.000000e+00 +0.000000e+00 +0.000000e+00 +0.000000e+00 -1.387779e-16 -1.387779e-16 +2.775558e-17 +1.110223e-16 -2.000000e-01 -2.000000e-01 +8.000000e-01 -2.000000e-01 
+0.000000e+00 +0.000000e+00 +0.000000e+00 +0.000000e+00 +1.217482e+00 -4.058274e-01 -4.058274e-01 -4.058274e-01 +0.000000e+00 +0.000000e+00 +0.000000e+00 +0.000000e+00 +0.000000e+00 +0.000000e+00 +0.000000e+00 +0.000000e+00 +8.326673e-17 +8.326673e-17 -1.387779e-17 +0.000000e+00 -2.220446e-17 -2.220446e-17 +8.881784e-17 -2.220446e-17 
+0.000000e+00 +0.000000e+00 +0.000000e+00 +0.000000e+00 +2.775558e-17 -4.058274e-01 -4.058274e-01 +8.116548e-01 +0.000000e+00 +0.000000e+00 +0.000000e+00 +0.000000e+00 +0.000000e+00 +0.000000e+00 +0.000000e+00 +0.000000e+00 +7.632783e-17 +7.632783e-17 +7.703720e-34 +0.000000e+00 +1.110223e-17 +1.110223e-17 -4.440892e-17 +1.110223e-17 
+0.000000e+00 +0.000000e+00 +0.000000e+00 +0.000000e+00 +0.000000e+00 +4.058274e-01 -4.058274e-01 +0.000000e+00 +0.000000e+00 +0.000000e+00 +0.000000e+00 +0.000000e+00 +0.000000e+00 +0.000000e+00 +0.000000e+00 +0.000000e+00 +2.775558e-17 -3.469447e-17 +0.000000e+00 +0.000000e+00 +0.000000e+00 +0.000000e+00 +0.000000e+00 +0.000000e+00 
+0.000000e+00 +0.000000e+00 +0.000000e+00 +0.000000e+00 +0.000000e+00 +0.000000e+00 +0.000000e+00 +0.000000e+00 +1.000000e+00 +1.000000e+00 +1.000000e+00 +1.000000e+00 +0.000000e+00 +0.000000e+00 +0.000000e+00 +0.000000e+00 -1.665335e-16 -5.551115e-17 +8.326673e-17 +0.000000e+00 -2.000000e-01 +8.000000e-01 -2.000000e-01 -2.000000e-01 
+0.000000e+00 +0.000000e+00 +0.000000e+00 +0.000000e+00 +0.000000e+00 +0.000000e+00 +0.000000e+00 +0.000000e+00 +1.217482e+00 -4.058274e-01 -4.058274e-01 -4.058274e-01 +0.000000e+00 +0.000000e+00 +0.000000e+00 +0.000000e+00 +1.110223e-16 -2.775558e-17 +2.775558e-17 +5.551115e-17 -2.220446e-17 +8.881784e-17 -2.220446e-17 -2.220446e-17 
+0.000000e+00 +0.000000e+00 +0.000000e+00 +0.000000e+00 +0.000000e+00 +0.000000e+00 +0.000000e+00 +0.000000e+00 +2.775558e-17 -4.058274e-01 +8.116548e-01 -4.058274e-01 +0.000000e+00 +0.000000e+00 +0.000000e+00 +0.000000e+00 +6.938894e-17 -1.540744e-33 -5.551115e-17 +0.000000e+00 +1.110223e-17 -4.440892e-17 +1.110223e-17 +1.110223e-17 
+0.000000e+00 +0.000000e+00 +0.000000e+00 +0.000000e+00 +0.000000e+00 +0.000000e+00 +0.000000e+00 +0.000000e+00 +0.000000e+00 -4.058274e-01 +0.000000e+00 +4.058274e-01 +0.000000e+00 +0.000000e+00 +0.000000e+00 +0.000000e+00 +5.551115e-17 +0.000000e+00 +0.000000e+00 +0.000000e+00 +0.000000e+00 +0.000000e+00 +0.000000e+00 +0.000000e+00 
+0.000000e+00 +0.000000e+00 +0.000000e+00 +0.000000e+00 +0.000000e+00 +0.000000e+00 +0.000000e+00 +0.000000e+00 +0.000000e+00 +0.000000e+00 +0.000000e+00 +0.000000e+00 +1.000000e+00 +1.000000e+00 +1.000000e+00 +1.000000e+00 -5.551115e-17 -1.665335e-16 -2.775558e-17 +1.110223e-16 +8.000000e-01 -2.000000e-01 -2.000000e-01 -2.000000e-01 
+0.000000e+00 +0.000000e+00 +0.000000e+00 +0.000000e+00 +0.000000e+00 +0.000000e+00 +0.000000e+00 +0.000000e+00 +0.000000e+00 +0.000000e+00 +0.000000e+00 +0.000000e+00 +1.217482e+00 -4.058274e-01 -4.058274e-01 -4.058274e-01 -2.775558e-17 +1.110223e-16 +1.387779e-16 +5.551115e-17 +8.881784e-17 -2.220446e-17 -2.220446e-17 -2.220446e-17 
+0.000000e+00 +0.000000e+00 +0.000000e+00 +0.000000e+00 +0.000000e+00 +0.000000e+00 +0.000000e+00 +0.000000e+00 +0.000000e+00 +0.000000e+00 +0.000000e+00 +0.000000e+00 +2.775558e-17 -4.058274e-01 -4.058274e-01 +8.116548e-01 -1.540744e-33 +6.938894e-17 -6.938894e-18 -5.551115e-17 -4.440892e-17 +1.110223e-17 +1.110223e-17 +1.110223e-17 
+0.000000e+00 +0.000000e+00 +0.000000e+00 +0.000000e+00 +0.000000e+00 +0.000000e+00 +0.000000e+00 +0.000000e+00 +0.000000e+00 +0.000000e+00 +0.000000e+00 +0.000000e+00 +0.000000e+00 +4.058274e-01 -4.058274e-01 +0.000000e+00 +0.000000e+00 +5.551115e-17 -6.938894e-18 +0.000000e+00 +0.000000e+00 +0.000000e+00 +0.000000e+00 +0.000000e+00 
+0.000000e+00 +0.000000e+00 +0.000000e+00 +0.000000e+00 +0.000000e+00 +0.000000e+00 +0.000000e+00 +0.000000e+00 +0.000000e+00 +0.000000e+00 +0.000000e+00 +0.000000e+00 +0.000000e+00 +0.000000e+00 +0.000000e+00 +0.000000e+00 +5.551115e-17 +5.551115e-17 +2.775558e-17 +0.000000e+00 -4.000000e-02 -4.000000e-02 -4.000000e-02 -4.000000e-02 
+0.000000e+00 +0.000000e+00 +0.000000e+00 +0.000000e+00 +0.000000e+00 +0.000000e+00 +0.000000e+00 +0.000000e+00 +0.000000e+00 +0.000000e+00 +0.000000e+00 +0.000000e+00 +0.000000e+00 +0.000000e+00 +0.000000e+00 +0.000000e+00 -2.775558e-17 -2.775558e-17 +0.000000e+00 +0.000000e+00 +1.600000e-01 -4.000000e-02 -4.000000e-02 -4.000000e-02 
+0.000000e+00 +0.000000e+00 +0.000000e+00 +0.000000e+00 +0.000000e+00 +0.000000e+00 +0.000000e+00 +0.000000e+00 +0.000000e+00 +0.000000e+00 +0.000000e+00 +0.000000e+00 +0.000000e+00 +0.000000e+00 +0.000000e+00 +0.000000e+00 +0.000000e+00 -5.551115e-17 +0.000000e+00 +0.000000e+00 -4.000000e-02 +1.600000e-01 -4.000000e-02 -4.000000e-02 
+0.000000e+00 +0.000000e+00 +0.000000e+00 +0.000000e+00 +0.000000e+00 +0.000000e+00 +0.000000e+00 +0.000000e+00 +0.000000e+00 +0.000000e+00 +0.000000e+00 +0.000000e+00 +0.000000e+00 +0.000000e+00 +0.000000e+00 +0.000000e+00 +0.000000e+00 +0.000000e+00 -5.551115e-17 +0.000000e+00 -4.000000e-02 -4.000000e-02 +1.600000e-01 -4.000000e-02 
